 0.0247454732175337 
 0.0248909464350674 
  0.025036419652601 
 0.0251818928701347 
 0.0253273660876684 
 0.0254728393052021 
 0.0256183125227357 
 0.0257637857402694 
 0.0259092589578031 
 0.0260547321753367 
 0.0262002053928704 
 0.0263456786104041 
 0.0264911518279378 
 0.0266366250454715 
 0.0267820982630051 
 0.0269275714805388 
 0.0270730446980725 
 0.0272185179156062 
 0.0273639911331398 
 0.0275094643506735 
 0.0276549375682072 
 0.0278004107857409 
 0.0279458840032745 
 0.0280913572208082 
 0.0282368304383419 
 0.0283823036558756 
 0.0285277768734092 
 0.0286732500909429 
 0.0288187233084766 
 0.0289641965260103 
 0.0291096697435439 
 0.0292551429610776 
 0.0294006161786113 
  0.029546089396145 
 0.0296915626136786 
 0.0298370358312123 
  0.029982509048746 
 0.0301279822662797 
 0.0302734554838133 
  0.030418928701347 
 0.0305644019188807 
 0.0307098751364144 
  0.030855348353948 
 0.0310008215714817 
 0.0311462947890154 
 0.0312917680065491 
 0.0314372412240827 
 0.0315827144416164 
 0.0317281876591501 
 0.0318736608766838 
 0.0320191340942174 
 0.0321646073117511 
 0.0323100805292848 
 0.0324555537468185 
 0.0326010269643521 
 0.0327465001818858 
 0.0328919733994195 
 0.0330374466169532 
 0.0331829198344868 
 0.0333283930520205 
 0.0334738662695542 
 0.0336193394870879 
 0.0337648127046215 
 0.0339102859221552 
 0.0340557591396889 
 0.0342012323572226 
 0.0343467055747562 
 0.0344921787922899 
 0.0346376520098236 
 0.0347831252273573 
 0.0349285984448909 
 0.0350740716624246 
 0.0352195448799583 
  0.035365018097492 
 0.0355104913150256 
 0.0356559645325593 
  0.035801437750093 
 0.0359469109676267 
 0.0360923841851603 
  0.036237857402694 
 0.0363833306202277 
 0.0365288038377614 
  0.036674277055295 
 0.0368197502728287 
 0.0369652234903624 
 0.0371106967078961 
 0.0372561699254297 
 0.0374016431429634 
 0.0375471163604971 
 0.0376925895780308 
 0.0378380627955644 
 0.0379835360130981 
 0.0381290092306318 
 0.0382744824481655 
 0.0384199556656991 
 0.0385654288832328 
 0.0387109021007665 
 0.0388563753183002 
 0.0390018485358338 
 0.0391473217533675 
 0.0392927949709012 
 0.0394382681884349 
 0.0395837414059685 
 0.0397292146235022 
 0.0398746878410359 
 0.0400201610585696 
 0.0401656342761032 
 0.0403111074936369 
 0.0404565807111706 
 0.0406020539287043 
 0.0407475271462379 
 0.0408930003637716 
 0.0410384735813053 
  0.041183946798839 
 0.0413294200163726 
 0.0414748932339063 
   0.04162036645144 
 0.0417658396689737 
 0.0419113128865073 
  0.042056786104041 
 0.0422022593215747 
 0.0423477325391084 
  0.042493205756642 
 0.0426386789741757 
 0.0427841521917094 
 0.0429296254092431 
 0.0430750986267767 
 0.0432205718443104 
 0.0433660450618441 
 0.0435115182793778 
 0.0436569914969114 
 0.0438024647144451 
 0.0439479379319788 
 0.0440934111495125 
 0.0442388843670461 
 0.0443843575845798 
 0.0445298308021135 
 0.0446753040196472 
 0.0448207772371808 
 0.0449662504547145 
 0.0451117236722482 
 0.0452571968897819 
 0.0454026701073155 
 0.0455481433248492 
 0.0456936165423829 
 0.0458390897599166 
 0.0459845629774502 
 0.0461300361949839 
 0.0462755094125176 
 0.0464209826300513 
 0.0465664558475849 
 0.0467119290651186 
 0.0468574022826523 
  0.047002875500186 
 0.0471483487177196 
 0.0472938219352533 
  0.047439295152787 
 0.0475847683703207 
 0.0477302415878543 
  0.047875714805388 
 0.0480211880229217 
 0.0481666612404554 
  0.048312134457989 
 0.0484576076755227 
 0.0486030808930564 
 0.0487485541105901 
 0.0488940273281237 
 0.0490395005456574 
 0.0491849737631911 
 0.0493304469807248 
 0.0494759201982584 
 0.0496213934157921 
 0.0497668666333258 
 0.0499123398508595 
 0.0500578130683931 
 0.0502032862859268 
 0.0503487595034605 
 0.0504942327209942 
 0.0506397059385278 
 0.0507851791560615 
 0.0509306523735952 
 0.0510761255911289 
 0.0512215988086625 
 0.0513670720261962 
 0.0515125452437299 
 0.0516580184612636 
 0.0518034916787972 
 0.0519489648963309 
 0.0520944381138646 
 0.0522399113313983 
 0.0523853845489319 
 0.0525308577664656 
 0.0526763309839993 
  0.052821804201533 
 0.0529672774190666 
 0.0531127506366003 
  0.053258223854134 
 0.0534036970716677 
 0.0535491702892013 
  0.053694643506735 
 0.0538401167242687 
 0.0539855899418024 
  0.054131063159336 
 0.0542765363768697 
 0.0544220095944034 
 0.0545674828119371 
 0.0547129560294707 
 0.0548584292470044 
 0.0550039024645381 
 0.0551493756820718 
 0.0552948488996054 
 0.0554403221171391 
 0.0555857953346728 
 0.0557312685522065 
 0.0558767417697401 
 0.0560222149872738 
 0.0561676882048075 
 0.0563131614223412 
 0.0564586346398748 
 0.0566041078574085 
 0.0567495810749422 
 0.0568950542924759 
 0.0570405275100095 
 0.0571860007275432 
 0.0573314739450769 
 0.0574769471626106 
 0.0576224203801442 
 0.0577678935976779 
 0.0579133668152116 
 0.0580588400327453 
 0.0582043132502789 
 0.0583497864678126 
 0.0584952596853463 
   0.05864073290288 
 0.0587862061204136 
 0.0589316793379473 
  0.059077152555481 
 0.0592226257730147 
 0.0593680989905483 
  0.059513572208082 
 0.0596590454256157 
 0.0598045186431494 
  0.059949991860683 
 0.0600954650782167 
 0.0602409382957504 
 0.0603864115132841 
 0.0605318847308177 
 0.0606773579483514 
 0.0608228311658851 
 0.0609683043834188 
 0.0611137776009524 
 0.0612592508184861 
 0.0614047240360198 
 0.0615501972535535 
 0.0616956704710871 
 0.0618411436886208 
 0.0619866169061545 
 0.0621320901236882 
 0.0622775633412218 
 0.0624230365587555 
 0.0625685097762892 
 0.0627139829938229 
 0.0628594562113565 
 0.0630049294288902 
 0.0631504026464239 
 0.0632958758639576 
 0.0634413490814912 
 0.0635868222990249 
 0.0637322955165586 
 0.0638777687340923 
 0.0640232419516259 
 0.0641687151691596 
 0.0643141883866933 
  0.064459661604227 
 0.0646051348217606 
 0.0647506080392943 
  0.064896081256828 
 0.0650415544743617 
 0.0651870276918953 
  0.065332500909429 
 0.0654779741269627 
 0.0656234473444964 
   0.06576892056203 
 0.0659143937795637 
 0.0660598669970974 
 0.0662053402146311 
 0.0663508134321647 
 0.0664962866496984 
 0.0666417598672321 
 0.0667872330847658 
 0.0669327063022994 
 0.0670781795198331 
 0.0672236527373668 
 0.0673691259549005 
 0.0675145991724341 
 0.0676600723899678 
 0.0678055456075015 
 0.0679510188250352 
 0.0680964920425688 
 0.0682419652601025 
 0.0683874384776362 
 0.0685329116951699 
 0.0686783849127035 
 0.0688238581302372 
 0.0689693313477709 
 0.0691148045653046 
 0.0692602777828382 
 0.0694057510003719 
 0.0695512242179056 
 0.0696966974354393 
 0.0698421706529729 
 0.0699876438705066 
 0.0701331170880403 
  0.070278590305574 
 0.0704240635231076 
 0.0705695367406413 
  0.070715009958175 
 0.0708604831757087 
 0.0710059563932423 
  0.071151429610776 
 0.0712969028283097 
 0.0714423760458434 
  0.071587849263377 
 0.0717333224809107 
 0.0718787956984444 
 0.0720242689159781 
 0.0721697421335117 
 0.0723152153510454 
 0.0724606885685791 
 0.0726061617861128 
 0.0727516350036464 
 0.0728971082211801 
 0.0730425814387138 
 0.0731880546562475 
 0.0733335278737811 
 0.0734790010913148 
 0.0736244743088485 
 0.0737699475263822 
 0.0739154207439158 
 0.0740608939614495 
 0.0742063671789832 
 0.0743518403965169 
 0.0744973136140505 
 0.0746427868315842 
 0.0747882600491179 
 0.0749337332666516 
 0.0750792064841852 
 0.0752246797017189 
 0.0753701529192526 
 0.0755156261367863 
 0.0756610993543199 
 0.0758065725718536 
 0.0759520457893873 
  0.076097519006921 
 0.0762429922244546 
 0.0763884654419883 
  0.076533938659522 
 0.0766794118770557 
 0.0768248850945893 
  0.076970358312123 
 0.0771158315296567 
 0.0772613047471904 
  0.077406777964724 
 0.0775522511822577 
 0.0776977243997914 
 0.0778431976173251 
 0.0779886708348587 
 0.0781341440523924 
 0.0782796172699261 
 0.0784250904874598 
 0.0785705637049934 
 0.0787160369225271 
 0.0788615101400608 
 0.0790069833575945 
 0.0791524565751281 
 0.0792979297926618 
 0.0794434030101955 
 0.0795888762277292 
 0.0797343494452628 
 0.0798798226627965 
 0.0800252958803302 
 0.0801707690978639 
 0.0803162423153976 
 0.0804617155329312 
 0.0806071887504649 
 0.0807526619679986 
 0.0808981351855322 
 0.0810436084030659 
 0.0811890816205996 
 0.0813345548381333 
 0.0814800280556669 
 0.0816255012732006 
 0.0817709744907343 
  0.081916447708268 
 0.0820619209258017 
 0.0822073941433353 
  0.082352867360869 
 0.0824983405784027 
 0.0826438137959363 
   0.08278928701347 
 0.0829347602310037 
 0.0830802334485374 
  0.083225706666071 
 0.0833711798836047 
 0.0835166531011384 
 0.0836621263186721 
 0.0838075995362057 
 0.0839530727537394 
 0.0840985459712731 
 0.0842440191888068 
 0.0843894924063404 
 0.0845349656238741 
 0.0846804388414078 
 0.0848259120589415 
 0.0849713852764751 
 0.0851168584940088 
 0.0852623317115425 
 0.0854078049290762 
 0.0855532781466098 
 0.0856987513641435 
 0.0858442245816772 
 0.0859896977992109 
 0.0861351710167445 
 0.0862806442342782 
 0.0864261174518119 
 0.0865715906693456 
 0.0867170638868792 
 0.0868625371044129 
 0.0870080103219466 
 0.0871534835394803 
 0.0872989567570139 
 0.0874444299745476 
 0.0875899031920813 
  0.087735376409615 
 0.0878808496271486 
 0.0880263228446823 
  0.088171796062216 
 0.0883172692797497 
 0.0884627424972833 
  0.088608215714817 
 0.0887536889323507 
 0.0888991621498844 
  0.089044635367418 
 0.0891901085849517 
 0.0893355818024854 
 0.0894810550200191 
 0.0896265282375527 
 0.0897720014550864 
 0.0899174746726201 
 0.0900629478901538 
 0.0902084211076874 
 0.0903538943252211 
 0.0904993675427548 
 0.0906448407602885 
 0.0907903139778221 
 0.0909357871953558 
 0.0910812604128895 
 0.0912267336304232 
 0.0913722068479568 
 0.0915176800654905 
 0.0916631532830242 
 0.0918086265005579 
 0.0919540997180915 
 0.0920995729356252 
 0.0922450461531589 
 0.0923905193706926 
 0.0925359925882262 
 0.0926814658057599 
 0.0928269390232936 
 0.0929724122408273 
 0.0931178854583609 
 0.0932633586758946 
 0.0934088318934283 
  0.093554305110962 
 0.0936997783284956 
 0.0938452515460293 
  0.093990724763563 
 0.0941361979810967 
 0.0942816711986303 
  0.094427144416164 
 0.0945726176336977 
 0.0947180908512314 
  0.094863564068765 
 0.0950090372862987 
 0.0951545105038324 
 0.0952999837213661 
 0.0954454569388997 
 0.0955909301564334 
 0.0957364033739671 
 0.0958818765915008 
 0.0960273498090344 
 0.0961728230265681 
 0.0963182962441018 
 0.0964637694616355 
 0.0966092426791691 
 0.0967547158967028 
 0.0969001891142365 
 0.0970456623317702 
 0.0971911355493038 
 0.0973366087668375 
 0.0974820819843712 
 0.0976275552019049 
 0.0977730284194385 
 0.0979185016369722 
 0.0980639748545059 
 0.0982094480720396 
 0.0983549212895732 
 0.0985003945071069 
 0.0986458677246406 
 0.0987913409421743 
  0.098936814159708 
 0.0990822873772416 
 0.0992277605947753 
  0.099373233812309 
 0.0995187070298427 
 0.0996641802473763 
   0.09980965346491 
 0.0999551266824437 
  0.100100599899977 
  0.100246073117511 
  0.100391546335045 
  0.100537019552578 
  0.100682492770112 
  0.100827965987646 
  0.100973439205179 
  0.101118912422713 
  0.101264385640247 
   0.10140985885778 
  0.101555332075314 
  0.101700805292848 
  0.101846278510381 
  0.101991751727915 
  0.102137224945449 
  0.102282698162982 
  0.102428171380516 
   0.10257364459805 
  0.102719117815583 
  0.102864591033117 
  0.103010064250651 
  0.103155537468185 
  0.103301010685718 
  0.103446483903252 
  0.103591957120786 
  0.103737430338319 
  0.103882903555853 
  0.104028376773387 
   0.10417384999092 
  0.104319323208454 
  0.104464796425988 
  0.104610269643521 
  0.104755742861055 
  0.104901216078589 
  0.105046689296122 
  0.105192162513656 
   0.10533763573119 
  0.105483108948723 
  0.105628582166257 
  0.105774055383791 
  0.105919528601324 
  0.106065001818858 
  0.106210475036392 
  0.106355948253925 
  0.106501421471459 
  0.106646894688993 
  0.106792367906526 
   0.10693784112406 
  0.107083314341594 
  0.107228787559127 
  0.107374260776661 
  0.107519733994195 
  0.107665207211728 
  0.107810680429262 
  0.107956153646796 
  0.108101626864329 
  0.108247100081863 
  0.108392573299397 
  0.108538046516931 
  0.108683519734464 
  0.108828992951998 
  0.108974466169532 
  0.109119939387065 
  0.109265412604599 
  0.109410885822133 
  0.109556359039666 
    0.1097018322572 
  0.109847305474734 
  0.109992778692267 
  0.110138251909801 
  0.110283725127335 
  0.110429198344868 
  0.110574671562402 
  0.110720144779936 
  0.110865617997469 
  0.111011091215003 
  0.111156564432537 
   0.11130203765007 
  0.111447510867604 
  0.111592984085138 
  0.111738457302671 
  0.111883930520205 
  0.112029403737739 
  0.112174876955272 
  0.112320350172806 
   0.11246582339034 
  0.112611296607873 
  0.112756769825407 
  0.112902243042941 
  0.113047716260474 
  0.113193189478008 
  0.113338662695542 
  0.113484135913075 
  0.113629609130609 
  0.113775082348143 
  0.113920555565676 
   0.11406602878321 
  0.114211502000744 
  0.114356975218277 
  0.114502448435811 
  0.114647921653345 
  0.114793394870879 
  0.114938868088412 
  0.115084341305946 
   0.11522981452348 
  0.115375287741013 
  0.115520760958547 
  0.115666234176081 
  0.115811707393614 
  0.115957180611148 
  0.116102653828682 
  0.116248127046215 
  0.116393600263749 
  0.116539073481283 
  0.116684546698816 
   0.11683001991635 
  0.116975493133884 
  0.117120966351417 
  0.117266439568951 
  0.117411912786485 
  0.117557386004018 
  0.117702859221552 
  0.117848332439086 
  0.117993805656619 
  0.118139278874153 
  0.118284752091687 
   0.11843022530922 
  0.118575698526754 
  0.118721171744288 
  0.118866644961821 
  0.119012118179355 
  0.119157591396889 
  0.119303064614422 
  0.119448537831956 
   0.11959401104949 
  0.119739484267023 
  0.119884957484557 
  0.120030430702091 
  0.120175903919625 
  0.120321377137158 
  0.120466850354692 
  0.120612323572226 
  0.120757796789759 
  0.120903270007293 
  0.121048743224827 
   0.12119421644236 
  0.121339689659894 
  0.121485162877428 
  0.121630636094961 
  0.121776109312495 
  0.121921582530029 
  0.122067055747562 
  0.122212528965096 
   0.12235800218263 
  0.122503475400163 
  0.122648948617697 
  0.122794421835231 
  0.122939895052764 
  0.123085368270298 
  0.123230841487832 
  0.123376314705365 
  0.123521787922899 
  0.123667261140433 
  0.123812734357966 
    0.1239582075755 
  0.124103680793034 
  0.124249154010567 
  0.124394627228101 
  0.124540100445635 
  0.124685573663168 
  0.124831046880702 
  0.124976520098236 
  0.125121993315769 
  0.125267466533303 
  0.125412939750837 
   0.12555841296837 
  0.125703886185904 
  0.125849359403438 
  0.125994832620972 
  0.126140305838505 
  0.126285779056039 
  0.126431252273573 
  0.126576725491106 
   0.12672219870864 
  0.126867671926174 
  0.127013145143707 
  0.127158618361241 
  0.127304091578775 
  0.127449564796308 
  0.127595038013842 
  0.127740511231376 
  0.127885984448909 
  0.128031457666443 
  0.128176930883977 
   0.12832240410151 
  0.128467877319044 
  0.128613350536578 
  0.128758823754111 
  0.128904296971645 
  0.129049770189179 
  0.129195243406712 
  0.129340716624246 
   0.12948618984178 
  0.129631663059313 
  0.129777136276847 
  0.129922609494381 
  0.130068082711914 
  0.130213555929448 
  0.130359029146982 
  0.130504502364515 
  0.130649975582049 
  0.130795448799583 
  0.130940922017116 
   0.13108639523465 
  0.131231868452184 
  0.131377341669717 
  0.131522814887251 
  0.131668288104785 
  0.131813761322319 
  0.131959234539852 
  0.132104707757386 
   0.13225018097492 
  0.132395654192453 
  0.132541127409987 
  0.132686600627521 
  0.132832073845054 
  0.132977547062588 
  0.133123020280122 
  0.133268493497655 
  0.133413966715189 
  0.133559439932723 
  0.133704913150256 
   0.13385038636779 
  0.133995859585324 
  0.134141332802857 
  0.134286806020391 
  0.134432279237925 
  0.134577752455458 
  0.134723225672992 
  0.134868698890526 
  0.135014172108059 
  0.135159645325593 
  0.135305118543127 
   0.13545059176066 
  0.135596064978194 
  0.135741538195728 
  0.135887011413261 
  0.136032484630795 
  0.136177957848329 
  0.136323431065862 
  0.136468904283396 
   0.13661437750093 
  0.136759850718463 
  0.136905323935997 
  0.137050797153531 
  0.137196270371064 
  0.137341743588598 
  0.137487216806132 
  0.137632690023666 
  0.137778163241199 
  0.137923636458733 
  0.138069109676267 
    0.1382145828938 
  0.138360056111334 
  0.138505529328868 
  0.138651002546401 
  0.138796475763935 
  0.138941948981469 
  0.139087422199002 
  0.139232895416536 
   0.13937836863407 
  0.139523841851603 
  0.139669315069137 
  0.139814788286671 
  0.139960261504204 
  0.140105734721738 
  0.140251207939272 
  0.140396681156805 
  0.140542154374339 
  0.140687627591873 
  0.140833100809406 
   0.14097857402694 
  0.141124047244474 
  0.141269520462007 
  0.141414993679541 
  0.141560466897075 
  0.141705940114608 
  0.141851413332142 
  0.141996886549676 
  0.142142359767209 
  0.142287832984743 
  0.142433306202277 
   0.14257877941981 
  0.142724252637344 
  0.142869725854878 
  0.143015199072411 
  0.143160672289945 
  0.143306145507479 
  0.143451618725013 
  0.143597091942546 
   0.14374256516008 
  0.143888038377614 
  0.144033511595147 
  0.144178984812681 
  0.144324458030215 
  0.144469931247748 
  0.144615404465282 
  0.144760877682816 
  0.144906350900349 
  0.145051824117883 
  0.145197297335417 
   0.14534277055295 
  0.145488243770484 
  0.145633716988018 
  0.145779190205551 
  0.145924663423085 
  0.146070136640619 
  0.146215609858152 
  0.146361083075686 
   0.14650655629322 
  0.146652029510753 
  0.146797502728287 
  0.146942975945821 
  0.147088449163354 
  0.147233922380888 
  0.147379395598422 
  0.147524868815955 
  0.147670342033489 
  0.147815815251023 
  0.147961288468556 
   0.14810676168609 
  0.148252234903624 
  0.148397708121157 
  0.148543181338691 
  0.148688654556225 
  0.148834127773759 
  0.148979600991292 
  0.149125074208826 
   0.14927054742636 
  0.149416020643893 
  0.149561493861427 
  0.149706967078961 
  0.149852440296494 
  0.149997913514028 
  0.150143386731562 
  0.150288859949095 
  0.150434333166629 
  0.150579806384163 
  0.150725279601696 
   0.15087075281923 
  0.151016226036764 
  0.151161699254297 
  0.151307172471831 
  0.151452645689365 
  0.151598118906898 
  0.151743592124432 
  0.151889065341966 
  0.152034538559499 
  0.152180011777033 
  0.152325484994567 
    0.1524709582121 
  0.152616431429634 
  0.152761904647168 
  0.152907377864701 
  0.153052851082235 
  0.153198324299769 
  0.153343797517302 
  0.153489270734836 
   0.15363474395237 
  0.153780217169903 
  0.153925690387437 
  0.154071163604971 
  0.154216636822504 
  0.154362110040038 
  0.154507583257572 
  0.154653056475105 
  0.154798529692639 
  0.154944002910173 
  0.155089476127707 
   0.15523494934524 
  0.155380422562774 
  0.155525895780308 
  0.155671368997841 
  0.155816842215375 
  0.155962315432909 
  0.156107788650442 
  0.156253261867976 
   0.15639873508551 
  0.156544208303043 
  0.156689681520577 
  0.156835154738111 
  0.156980627955644 
  0.157126101173178 
  0.157271574390712 
  0.157417047608245 
  0.157562520825779 
  0.157707994043313 
  0.157853467260846 
   0.15799894047838 
  0.158144413695914 
  0.158289886913447 
  0.158435360130981 
  0.158580833348515 
  0.158726306566048 
  0.158871779783582 
  0.159017253001116 
  0.159162726218649 
  0.159308199436183 
  0.159453672653717 
   0.15959914587125 
  0.159744619088784 
  0.159890092306318 
  0.160035565523851 
  0.160181038741385 
  0.160326511958919 
  0.160471985176453 
  0.160617458393986 
   0.16076293161152 
  0.160908404829054 
  0.161053878046587 
  0.161199351264121 
  0.161344824481655 
  0.161490297699188 
  0.161635770916722 
  0.161781244134256 
  0.161926717351789 
  0.162072190569323 
  0.162217663786857 
   0.16236313700439 
  0.162508610221924 
  0.162654083439458 
  0.162799556656991 
  0.162945029874525 
  0.163090503092059 
  0.163235976309592 
  0.163381449527126 
   0.16352692274466 
  0.163672395962193 
  0.163817869179727 
  0.163963342397261 
  0.164108815614794 
  0.164254288832328 
  0.164399762049862 
  0.164545235267395 
  0.164690708484929 
  0.164836181702463 
  0.164981654919996 
   0.16512712813753 
  0.165272601355064 
  0.165418074572597 
  0.165563547790131 
  0.165709021007665 
  0.165854494225198 
  0.165999967442732 
  0.166145440660266 
  0.166290913877799 
  0.166436387095333 
  0.166581860312867 
  0.166727333530401 
  0.166872806747934 
  0.167018279965468 
  0.167163753183002 
  0.167309226400535 
  0.167454699618069 
  0.167600172835603 
  0.167745646053136 
   0.16789111927067 
  0.168036592488204 
  0.168182065705737 
  0.168327538923271 
  0.168473012140805 
  0.168618485358338 
  0.168763958575872 
  0.168909431793406 
  0.169054905010939 
  0.169200378228473 
  0.169345851446007 
   0.16949132466354 
  0.169636797881074 
  0.169782271098608 
  0.169927744316141