 0.116160196182428 
 0.116213594909904 
  0.11626699363738 
 0.116320392364855 
 0.116373791092331 
 0.116427189819807 
 0.116480588547283 
 0.116533987274759 
 0.116587386002235 
 0.116640784729711 
 0.116694183457187 
 0.116747582184663 
 0.116800980912139 
 0.116854379639615 
 0.116907778367091 
 0.116961177094566 
 0.117014575822042 
 0.117067974549518 
 0.117121373276994 
  0.11717477200447 
 0.117228170731946 
 0.117281569459422 
 0.117334968186898 
 0.117388366914374 
  0.11744176564185 
 0.117495164369326 
 0.117548563096802 
 0.117601961824277 
 0.117655360551753 
 0.117708759279229 
 0.117762158006705 
 0.117815556734181 
 0.117868955461657 
 0.117922354189133 
 0.117975752916609 
 0.118029151644085 
 0.118082550371561 
 0.118135949099037 
 0.118189347826513 
 0.118242746553988 
 0.118296145281464 
  0.11834954400894 
 0.118402942736416 
 0.118456341463892 
 0.118509740191368 
 0.118563138918844 
  0.11861653764632 
 0.118669936373796 
 0.118723335101272 
 0.118776733828748 
 0.118830132556223 
 0.118883531283699 
 0.118936930011175 
 0.118990328738651 
 0.119043727466127 
 0.119097126193603 
 0.119150524921079 
 0.119203923648555 
 0.119257322376031 
 0.119310721103507 
 0.119364119830983 
 0.119417518558459 
 0.119470917285934 
  0.11952431601341 
 0.119577714740886 
 0.119631113468362 
 0.119684512195838 
 0.119737910923314 
  0.11979130965079 
 0.119844708378266 
 0.119898107105742 
 0.119951505833218 
 0.120004904560694 
  0.12005830328817 
 0.120111702015645 
 0.120165100743121 
 0.120218499470597 
 0.120271898198073 
 0.120325296925549 
 0.120378695653025 
 0.120432094380501 
 0.120485493107977 
 0.120538891835453 
 0.120592290562929 
 0.120645689290405 
  0.12069908801788 
 0.120752486745356 
 0.120805885472832 
 0.120859284200308 
 0.120912682927784 
  0.12096608165526 
 0.121019480382736 
 0.121072879110212 
 0.121126277837688 
 0.121179676565164 
  0.12123307529264 
 0.121286474020116 
 0.121339872747591 
 0.121393271475067 
 0.121446670202543 
 0.121500068930019 
 0.121553467657495 
 0.121606866384971 
 0.121660265112447 
 0.121713663839923 
 0.121767062567399 
 0.121820461294875 
 0.121873860022351 
 0.121927258749827 
 0.121980657477302 
 0.122034056204778 
 0.122087454932254 
  0.12214085365973 
 0.122194252387206 
 0.122247651114682 
 0.122301049842158 
 0.122354448569634 
  0.12240784729711 
 0.122461246024586 
 0.122514644752062 
 0.122568043479537 
 0.122621442207013 
 0.122674840934489 
 0.122728239661965 
 0.122781638389441 
 0.122835037116917 
 0.122888435844393 
 0.122941834571869 
 0.122995233299345 
 0.123048632026821 
 0.123102030754297 
 0.123155429481773 
 0.123208828209248 
 0.123262226936724 
   0.1233156256642 
 0.123369024391676 
 0.123422423119152 
 0.123475821846628 
 0.123529220574104 
  0.12358261930158 
 0.123636018029056 
 0.123689416756532 
 0.123742815484008 
 0.123796214211484 
 0.123849612938959 
 0.123903011666435 
 0.123956410393911 
 0.124009809121387 
 0.124063207848863 
 0.124116606576339 
 0.124170005303815 
 0.124223404031291 
 0.124276802758767 
 0.124330201486243 
 0.124383600213719 
 0.124436998941194 
  0.12449039766867 
 0.124543796396146 
 0.124597195123622 
 0.124650593851098 
 0.124703992578574 
  0.12475739130605 
 0.124810790033526 
 0.124864188761002 
 0.124917587488478 
 0.124970986215954 
  0.12502438494343 
 0.125077783670905 
 0.125131182398381 
 0.125184581125857 
 0.125237979853333 
 0.125291378580809 
 0.125344777308285 
 0.125398176035761 
 0.125451574763237 
 0.125504973490713 
 0.125558372218189 
 0.125611770945665 
 0.125665169673141 
 0.125718568400616 
 0.125771967128092 
 0.125825365855568 
 0.125878764583044 
  0.12593216331052 
 0.125985562037996 
 0.126038960765472 
 0.126092359492948 
 0.126145758220424 
   0.1261991569479 
 0.126252555675376 
 0.126305954402852 
 0.126359353130327 
 0.126412751857803 
 0.126466150585279 
 0.126519549312755 
 0.126572948040231 
 0.126626346767707 
 0.126679745495183 
 0.126733144222659 
 0.126786542950135 
 0.126839941677611 
 0.126893340405087 
 0.126946739132562 
 0.127000137860038 
 0.127053536587514 
  0.12710693531499 
 0.127160334042466 
 0.127213732769942 
 0.127267131497418 
 0.127320530224894 
  0.12737392895237 
 0.127427327679846 
 0.127480726407322 
 0.127534125134798 
 0.127587523862273 
 0.127640922589749 
 0.127694321317225 
 0.127747720044701 
 0.127801118772177 
 0.127854517499653 
 0.127907916227129 
 0.127961314954605 
 0.128014713682081 
 0.128068112409557 
 0.128121511137033 
 0.128174909864509 
 0.128228308591984 
  0.12828170731946 
 0.128335106046936 
 0.128388504774412 
 0.128441903501888 
 0.128495302229364 
  0.12854870095684 
 0.128602099684316 
 0.128655498411792 
 0.128708897139268 
 0.128762295866744 
 0.128815694594219 
 0.128869093321695 
 0.128922492049171 
 0.128975890776647 
 0.129029289504123 
 0.129082688231599 
 0.129136086959075 
 0.129189485686551 
 0.129242884414027 
 0.129296283141503 
 0.129349681868979 
 0.129403080596455 
  0.12945647932393 
 0.129509878051406 
 0.129563276778882 
 0.129616675506358 
 0.129670074233834 
  0.12972347296131 
 0.129776871688786 
 0.129830270416262 
 0.129883669143738 
 0.129937067871214 
  0.12999046659869 
 0.130043865326165 
 0.130097264053641 
 0.130150662781117 
 0.130204061508593 
 0.130257460236069 
 0.130310858963545 
 0.130364257691021 
 0.130417656418497 
 0.130471055145973 
 0.130524453873449 
 0.130577852600925 
 0.130631251328401 
 0.130684650055876 
 0.130738048783352 
 0.130791447510828 
 0.130844846238304 
  0.13089824496578 
 0.130951643693256 
 0.131005042420732 
 0.131058441148208 
 0.131111839875684 
  0.13116523860316 
 0.131218637330636 
 0.131272036058112 
 0.131325434785587 
 0.131378833513063 
 0.131432232240539 
 0.131485630968015 
 0.131539029695491 
 0.131592428422967 
 0.131645827150443 
 0.131699225877919 
 0.131752624605395 
 0.131806023332871 
 0.131859422060347 
 0.131912820787823 
 0.131966219515298 
 0.132019618242774 
  0.13207301697025 
 0.132126415697726 
 0.132179814425202 
 0.132233213152678 
 0.132286611880154 
  0.13234001060763 
 0.132393409335106 
 0.132446808062582 
 0.132500206790058 
 0.132553605517533 
 0.132607004245009 
 0.132660402972485 
 0.132713801699961 
 0.132767200427437 
 0.132820599154913 
 0.132873997882389 
 0.132927396609865 
 0.132980795337341 
 0.133034194064817 
 0.133087592792293 
 0.133140991519769 
 0.133194390247244 
  0.13324778897472 
 0.133301187702196 
 0.133354586429672 
 0.133407985157148 
 0.133461383884624 
   0.1335147826121 
 0.133568181339576 
 0.133621580067052 
 0.133674978794528 
 0.133728377522004 
  0.13378177624948 
 0.133835174976955 
 0.133888573704431 
 0.133941972431907 
 0.133995371159383 
 0.134048769886859 
 0.134102168614335 
 0.134155567341811 
 0.134208966069287 
 0.134262364796763 
 0.134315763524239 
 0.134369162251715 
  0.13442256097919 
 0.134475959706666 
 0.134529358434142 
 0.134582757161618 
 0.134636155889094 
  0.13468955461657 
 0.134742953344046 
 0.134796352071522 
 0.134849750798998 
 0.134903149526474 
  0.13495654825395 
 0.135009946981426 
 0.135063345708901 
 0.135116744436377 
 0.135170143163853 
 0.135223541891329 
 0.135276940618805 
 0.135330339346281 
 0.135383738073757 
 0.135437136801233 
 0.135490535528709 
 0.135543934256185 
 0.135597332983661 
 0.135650731711137 
 0.135704130438612 
 0.135757529166088 
 0.135810927893564 
  0.13586432662104 
 0.135917725348516 
 0.135971124075992 
 0.136024522803468 
 0.136077921530944 
  0.13613132025842 
 0.136184718985896 
 0.136238117713372 
 0.136291516440848 
 0.136344915168323 
 0.136398313895799 
 0.136451712623275 
 0.136505111350751 
 0.136558510078227 
 0.136611908805703 
 0.136665307533179 
 0.136718706260655 
 0.136772104988131 
 0.136825503715607 
 0.136878902443083 
 0.136932301170558 
 0.136985699898034 
  0.13703909862551 
 0.137092497352986 
 0.137145896080462 
 0.137199294807938 
 0.137252693535414 
  0.13730609226289 
 0.137359490990366 
 0.137412889717842 
 0.137466288445318 
 0.137519687172794 
 0.137573085900269 
 0.137626484627745 
 0.137679883355221 
 0.137733282082697 
 0.137786680810173 
 0.137840079537649 
 0.137893478265125 
 0.137946876992601 
 0.138000275720077 
 0.138053674447553 
 0.138107073175029 
 0.138160471902504 
  0.13821387062998 
 0.138267269357456 
 0.138320668084932 
 0.138374066812408 
 0.138427465539884 
  0.13848086426736 
 0.138534262994836 
 0.138587661722312 
 0.138641060449788 
 0.138694459177264 
  0.13874785790474 
 0.138801256632215 
 0.138854655359691 
 0.138908054087167 
 0.138961452814643 
 0.139014851542119 
 0.139068250269595 
 0.139121648997071 
 0.139175047724547 
 0.139228446452023 
 0.139281845179499 
 0.139335243906975 
 0.139388642634451 
 0.139442041361926 
 0.139495440089402 
 0.139548838816878 
 0.139602237544354 
  0.13965563627183 
 0.139709034999306 
 0.139762433726782 
 0.139815832454258 
 0.139869231181734 
  0.13992262990921 
 0.139976028636686 
 0.140029427364161 
 0.140082826091637 
 0.140136224819113 
 0.140189623546589 
 0.140243022274065 
 0.140296421001541 
 0.140349819729017 
 0.140403218456493 
 0.140456617183969 
 0.140510015911445 
 0.140563414638921 
 0.140616813366397 
 0.140670212093872 
 0.140723610821348 
 0.140777009548824 
   0.1408304082763 
 0.140883807003776 
 0.140937205731252 
 0.140990604458728 
 0.141044003186204 
  0.14109740191368 
 0.141150800641156 
 0.141204199368632 
 0.141257598096108 
 0.141310996823583 
 0.141364395551059 
 0.141417794278535 
 0.141471193006011 
 0.141524591733487 
 0.141577990460963 
 0.141631389188439 
 0.141684787915915 
 0.141738186643391 
 0.141791585370867 
 0.141844984098343 
 0.141898382825819 
 0.141951781553294 
  0.14200518028077 
 0.142058579008246 
 0.142111977735722 
 0.142165376463198 
 0.142218775190674 
  0.14227217391815 
 0.142325572645626 
 0.142378971373102 
 0.142432370100578 
 0.142485768828054 
 0.142539167555529 
 0.142592566283005 
 0.142645965010481 
 0.142699363737957 
 0.142752762465433 
 0.142806161192909 
 0.142859559920385 
 0.142912958647861 
 0.142966357375337 
 0.143019756102813 
 0.143073154830289 
 0.143126553557765 
  0.14317995228524 
 0.143233351012716 
 0.143286749740192 
 0.143340148467668 
 0.143393547195144 
  0.14344694592262 
 0.143500344650096 
 0.143553743377572 
 0.143607142105048 
 0.143660540832524 
     0.14371393956 
 0.143767338287476 
 0.143820737014951 
 0.143874135742427 
 0.143927534469903 
 0.143980933197379 
 0.144034331924855 
 0.144087730652331 
 0.144141129379807 
 0.144194528107283 
 0.144247926834759 
 0.144301325562235 
 0.144354724289711 
 0.144408123017186 
 0.144461521744662 
 0.144514920472138 
 0.144568319199614 
  0.14462171792709 
 0.144675116654566 
 0.144728515382042 
 0.144781914109518 
 0.144835312836994 
  0.14488871156447 
 0.144942110291946 
 0.144995509019422 
 0.145048907746897 
 0.145102306474373 
 0.145155705201849 
 0.145209103929325 
 0.145262502656801 
 0.145315901384277 
 0.145369300111753 
 0.145422698839229 
 0.145476097566705 
 0.145529496294181 
 0.145582895021657 
 0.145636293749133 
 0.145689692476608 
 0.145743091204084 
  0.14579648993156 
 0.145849888659036 
 0.145903287386512 
 0.145956686113988 
 0.146010084841464 
  0.14606348356894 
 0.146116882296416 
 0.146170281023892 
 0.146223679751368 
 0.146277078478844 
 0.146330477206319 
 0.146383875933795 
 0.146437274661271 
 0.146490673388747 
 0.146544072116223 
 0.146597470843699 
 0.146650869571175 
 0.146704268298651 
 0.146757667026127 
 0.146811065753603 
 0.146864464481079 
 0.146917863208554 
  0.14697126193603 
 0.147024660663506 
 0.147078059390982 
 0.147131458118458 
 0.147184856845934 
  0.14723825557341 
 0.147291654300886 
 0.147345053028362 
 0.147398451755838 
 0.147451850483314 
  0.14750524921079 
 0.147558647938265 
 0.147612046665741 
 0.147665445393217 
 0.147718844120693 
 0.147772242848169 
 0.147825641575645 
 0.147879040303121 
 0.147932439030597 
 0.147985837758073 
 0.148039236485549 
 0.148092635213025 
   0.1481460339405 
 0.148199432667976 
 0.148252831395452 
 0.148306230122928 
 0.148359628850404 
  0.14841302757788 
 0.148466426305356 
 0.148519825032832 
 0.148573223760308 
 0.148626622487784 
  0.14868002121526 
 0.148733419942736 
 0.148786818670211 
 0.148840217397687 
 0.148893616125163 
 0.148947014852639 
 0.149000413580115 
 0.149053812307591 
 0.149107211035067 
 0.149160609762543 
 0.149214008490019 
 0.149267407217495 
 0.149320805944971 
 0.149374204672447 
 0.149427603399922 
 0.149481002127398 
 0.149534400854874 
  0.14958779958235 
 0.149641198309826 
 0.149694597037302 
 0.149747995764778 
 0.149801394492254 
  0.14985479321973 
 0.149908191947206 
 0.149961590674682 
 0.150014989402157 
 0.150068388129633 
 0.150121786857109 
 0.150175185584585 
 0.150228584312061 
 0.150281983039537 
 0.150335381767013 
 0.150388780494489 
 0.150442179221965 
 0.150495577949441 
 0.150548976676917 
 0.150602375404393 
 0.150655774131868 
 0.150709172859344 
  0.15076257158682 
 0.150815970314296 
 0.150869369041772 
 0.150922767769248 
 0.150976166496724 
   0.1510295652242 
 0.151082963951676 
 0.151136362679152 
 0.151189761406628 
 0.151243160134104 
 0.151296558861579 
 0.151349957589055 
 0.151403356316531 
 0.151456755044007 
 0.151510153771483 
 0.151563552498959 
 0.151616951226435 
 0.151670349953911 
 0.151723748681387 
 0.151777147408863 
 0.151830546136339 
 0.151883944863815 
  0.15193734359129 
 0.151990742318766 
 0.152044141046242 
 0.152097539773718 
 0.152150938501194 
  0.15220433722867 
 0.152257735956146 
 0.152311134683622 
 0.152364533411098 
 0.152417932138574 
  0.15247133086605 
 0.152524729593525 
 0.152578128321001 
 0.152631527048477 
 0.152684925775953 
 0.152738324503429 
 0.152791723230905 
 0.152845121958381 
 0.152898520685857 
 0.152951919413333 
 0.153005318140809 
 0.153058716868285 
 0.153112115595761 
 0.153165514323236 
 0.153218913050712 
 0.153272311778188 
 0.153325710505664 
  0.15337910923314 
 0.153432507960616 
 0.153485906688092 
 0.153539305415568 
 0.153592704143044 
  0.15364610287052 
 0.153699501597996 
 0.153752900325472 
 0.153806299052947 
 0.153859697780423 
 0.153913096507899 
 0.153966495235375 
 0.154019893962851 
 0.154073292690327 
 0.154126691417803 
 0.154180090145279 
 0.154233488872755 
 0.154286887600231 
 0.154340286327707 
 0.154393685055182 
 0.154447083782658 
 0.154500482510134 
  0.15455388123761 
 0.154607279965086 
 0.154660678692562 
 0.154714077420038 
 0.154767476147514 
  0.15482087487499 
 0.154874273602466 
 0.154927672329942 
 0.154981071057418 
 0.155034469784893 
 0.155087868512369 
 0.155141267239845 
 0.155194665967321 
 0.155248064694797 
 0.155301463422273 
 0.155354862149749 
 0.155408260877225 
 0.155461659604701 
 0.155515058332177 
 0.155568457059653 
 0.155621855787129 
 0.155675254514604 
  0.15572865324208 
 0.155782051969556 
 0.155835450697032 
 0.155888849424508 
 0.155942248151984 
  0.15599564687946 
 0.156049045606936 
 0.156102444334412 
 0.156155843061888 
 0.156209241789364 
  0.15626264051684 
 0.156316039244315 
 0.156369437971791 
 0.156422836699267 
 0.156476235426743 
 0.156529634154219 
 0.156583032881695 
 0.156636431609171 
 0.156689830336647 
 0.156743229064123 
 0.156796627791599 
 0.156850026519075 
  0.15690342524655 
 0.156956823974026 
 0.157010222701502 
 0.157063621428978 
 0.157117020156454 
  0.15717041888393 
 0.157223817611406 
 0.157277216338882 
 0.157330615066358 
 0.157384013793834 
  0.15743741252131 
 0.157490811248786 
 0.157544209976261 
 0.157597608703737 
 0.157651007431213 
 0.157704406158689 
 0.157757804886165 
 0.157811203613641 
 0.157864602341117 
 0.157918001068593 
 0.157971399796069 
 0.158024798523545 
 0.158078197251021 
 0.158131595978496 
 0.158184994705972 
 0.158238393433448 
 0.158291792160924 
   0.1583451908884 
 0.158398589615876 
 0.158451988343352 
 0.158505387070828 
 0.158558785798304 
  0.15861218452578 
 0.158665583253256 
 0.158718981980732 
 0.158772380708207 
 0.158825779435683 
 0.158879178163159 
 0.158932576890635 
 0.158985975618111 
 0.159039374345587 
 0.159092773073063 
 0.159146171800539 
 0.159199570528015 
 0.159252969255491 
 0.159306367982967 
 0.159359766710443 
 0.159413165437918 
 0.159466564165394 
  0.15951996289287 
 0.159573361620346 
 0.159626760347822 
 0.159680159075298 
 0.159733557802774 
  0.15978695653025 
 0.159840355257726 
 0.159893753985202 
 0.159947152712678 
 0.160000551440153 
 0.160053950167629 
 0.160107348895105 
 0.160160747622581 
 0.160214146350057 
 0.160267545077533 
 0.160320943805009 
 0.160374342532485 
 0.160427741259961 
 0.160481139987437 
 0.160534538714913 
 0.160587937442389 
 0.160641336169864 
  0.16069473489734 
 0.160748133624816 
 0.160801532352292 
 0.160854931079768 
 0.160908329807244 
  0.16096172853472 
 0.161015127262196 
 0.161068525989672 
 0.161121924717148 
 0.161175323444624 
   0.1612287221721 
 0.161282120899575 
 0.161335519627051 
 0.161388918354527 
 0.161442317082003 
 0.161495715809479 
 0.161549114536955 
 0.161602513264431 
 0.161655911991907 
 0.161709310719383 
 0.161762709446859 
 0.161816108174335 
 0.161869506901811 
 0.161922905629286 
 0.161976304356762 
 0.162029703084238 
 0.162083101811714 
  0.16213650053919 
 0.162189899266666 
 0.162243297994142 
 0.162296696721618 
 0.162350095449094 
  0.16240349417657 
 0.162456892904046 
 0.162510291631521 
 0.162563690358997 
 0.162617089086473 
 0.162670487813949 
 0.162723886541425 
 0.162777285268901 
 0.162830683996377 
 0.162884082723853 
 0.162937481451329 
 0.162990880178805 
 0.163044278906281 
 0.163097677633757 
 0.163151076361232 
 0.163204475088708 
 0.163257873816184 
  0.16331127254366 
 0.163364671271136 
 0.163418069998612 
 0.163471468726088 
 0.163524867453564 
  0.16357826618104 
 0.163631664908516 
 0.163685063635992 
 0.163738462363468 
 0.163791861090943 
 0.163845259818419 
 0.163898658545895 
 0.163952057273371 
 0.164005456000847 
 0.164058854728323 
 0.164112253455799 
 0.164165652183275 
 0.164219050910751 
 0.164272449638227 
 0.164325848365703 
 0.164379247093178 
 0.164432645820654 
  0.16448604454813 
 0.164539443275606 
 0.164592842003082 
 0.164646240730558 
 0.164699639458034 
  0.16475303818551 
 0.164806436912986 
 0.164859835640462 
 0.164913234367938 
 0.164966633095414 
 0.165020031822889 
 0.165073430550365 
 0.165126829277841 
 0.165180228005317 
 0.165233626732793 
 0.165287025460269 
 0.165340424187745 
 0.165393822915221 
 0.165447221642697 
 0.165500620370173 
 0.165554019097649 
 0.165607417825125 
   0.1656608165526 
 0.165714215280076 
 0.165767614007552 
 0.165821012735028 
 0.165874411462504 
  0.16592781018998 
 0.165981208917456 
 0.166034607644932 
 0.166088006372408 
 0.166141405099884 
  0.16619480382736 
 0.166248202554835 
 0.166301601282311 
 0.166355000009787 
 0.166408398737263 
 0.166461797464739 
 0.166515196192215 
 0.166568594919691 
 0.166621993647167 
 0.166675392374643 
 0.166728791102119 
 0.166782189829595 
 0.166835588557071 
 0.166888987284546 
 0.166942386012022 
 0.166995784739498 
 0.167049183466974 
  0.16710258219445 
 0.167155980921926 
 0.167209379649402 
 0.167262778376878 
 0.167316177104354 
  0.16736957583183 
 0.167422974559306 
 0.167476373286782 
 0.167529772014257 
 0.167583170741733 
 0.167636569469209 
 0.167689968196685 
 0.167743366924161 
 0.167796765651637 
 0.167850164379113 
 0.167903563106589 
 0.167956961834065 
 0.168010360561541 
 0.168063759289017 
 0.168117158016492 
 0.168170556743968 
 0.168223955471444 
  0.16827735419892 
 0.168330752926396 
 0.168384151653872 
 0.168437550381348 
 0.168490949108824 
   0.1685443478363 
 0.168597746563776 
 0.168651145291252 
 0.168704544018728 
 0.168757942746203 
 0.168811341473679 
 0.168864740201155 
 0.168918138928631 
 0.168971537656107 
 0.169024936383583 
 0.169078335111059 
 0.169131733838535 
 0.169185132566011 
 0.169238531293487 
 0.169291930020963 
 0.169345328748439 