#NASA wall-mounted hump experimental data
variables="x/c","y/c","u/Uref","v/Uinf","uu/Uinf^2","vv/Uinf^2","uv/Uinf^2"
zone t="exp, x/c=0.65"
 6.498178244E-01 1.579424441E-01 1.157422185E+00 -1.174861267E-01 2.963426756E-03 1.382058603E-03 -7.924744859E-04
 6.498178244E-01 1.570634395E-01 1.154541373E+00 -1.177933291E-01 3.016612493E-03 1.349549508E-03 -8.270181133E-04
 6.498178244E-01 1.562643498E-01 1.152262688E+00 -1.184995323E-01 3.073446685E-03 1.329321181E-03 -8.230066742E-04
 6.498178244E-01 1.553853601E-01 1.149556756E+00 -1.193990707E-01 3.148945281E-03 1.313573914E-03 -7.725568721E-04
 6.498178244E-01 1.545862705E-01 1.146937847E+00 -1.201944277E-01 3.224254120E-03 1.329997554E-03 -7.444764487E-04
 6.498178244E-01 1.537072659E-01 1.144466519E+00 -1.207150444E-01 3.283807775E-03 1.359492540E-03 -7.723052986E-04
 6.498178244E-01 1.529081762E-01 1.142548442E+00 -1.211195439E-01 3.369485261E-03 1.386007410E-03 -8.159951540E-04
 6.498178244E-01 1.520291865E-01 1.140277505E+00 -1.220910549E-01 3.432946047E-03 1.351105049E-03 -8.063847199E-04
 6.498178244E-01 1.512300968E-01 1.138366580E+00 -1.231580526E-01 3.446718678E-03 1.343775308E-03 -7.978530484E-04
 6.498977542E-01 1.504310071E-01 1.136490107E+00 -1.241846010E-01 3.493449884E-03 1.337446971E-03 -7.756665582E-04
 6.498977542E-01 1.495520025E-01 1.134360909E+00 -1.254722923E-01 3.546718741E-03 1.328937127E-03 -7.736269035E-04
 6.498977542E-01 1.487529129E-01 1.132220507E+00 -1.270133704E-01 3.534730524E-03 1.291859196E-03 -7.801062311E-04
 6.498977542E-01 1.478739232E-01 1.129864454E+00 -1.282649040E-01 3.442520509E-03 1.286633895E-03 -7.643524441E-04
 6.498977542E-01 1.470748335E-01 1.127553105E+00 -1.294590384E-01 3.430875950E-03 1.313850284E-03 -7.395705907E-04
 6.498977542E-01 1.461958289E-01 1.124728322E+00 -1.307509840E-01 3.477478633E-03 1.345840399E-03 -7.529405993E-04
 6.498977542E-01 1.453967392E-01 1.122737527E+00 -1.321482807E-01 3.515347373E-03 1.336060232E-03 -7.437457680E-04
 6.498977542E-01 1.445976496E-01 1.121258378E+00 -1.334215105E-01 3.520602826E-03 1.312311739E-03 -7.050913991E-04
 6.498977542E-01 1.437186599E-01 1.119772434E+00 -1.349115521E-01 3.498072270E-03 1.300650067E-03 -6.967751542E-04
 6.498977542E-01 1.429195702E-01 1.118191957E+00 -1.359206140E-01 3.490195842E-03 1.320227399E-03 -7.237236714E-04
 6.498977542E-01 1.420405656E-01 1.116096139E+00 -1.369650364E-01 3.474079072E-03 1.314944704E-03 -7.357336581E-04
 6.498977542E-01 1.412414759E-01 1.113949060E+00 -1.381629258E-01 3.514684504E-03 1.290921005E-03 -7.398488233E-04
 6.499776840E-01 1.403624862E-01 1.111747503E+00 -1.395412385E-01 3.520513419E-03 1.271075918E-03 -7.373647531E-04
 6.499776840E-01 1.395633966E-01 1.110372305E+00 -1.413756907E-01 3.474299330E-03 1.242995379E-03 -6.996222655E-04
 6.499776840E-01 1.386843920E-01 1.108955741E+00 -1.435738504E-01 3.391034203E-03 1.231106347E-03 -6.775114452E-04
 6.499776840E-01 1.378853023E-01 1.107795238E+00 -1.451570839E-01 3.384888638E-03 1.250525354E-03 -7.052521687E-04
 6.499776840E-01 1.370862126E-01 1.106683016E+00 -1.464538872E-01 3.412942169E-03 1.321459189E-03 -7.516589831E-04
 6.499776840E-01 1.362072229E-01 1.105084181E+00 -1.485866606E-01 3.422006033E-03 1.335660578E-03 -7.792486576E-04
 6.499776840E-01 1.354081333E-01 1.103402972E+00 -1.505055428E-01 3.386090277E-03 1.303321216E-03 -7.727159536E-04
 6.499776840E-01 1.345291287E-01 1.101417661E+00 -1.518783271E-01 3.419282380E-03 1.276765601E-03 -7.663441938E-04
 6.499776840E-01 1.337300390E-01 1.099493146E+00 -1.531531364E-01 3.454744117E-03 1.250150497E-03 -7.343018078E-04
 6.499776840E-01 1.328510493E-01 1.096742868E+00 -1.547823995E-01 3.545254469E-03 1.218066784E-03 -7.179881213E-04
 6.499776840E-01 1.320519596E-01 1.094175458E+00 -1.566147506E-01 3.669505939E-03 1.191498013E-03 -7.228004397E-04
 6.500575542E-01 1.312528700E-01 1.091437221E+00 -1.583398879E-01 3.740843153E-03 1.171784592E-03 -7.588120643E-04
 6.500575542E-01 1.303738654E-01 1.088590622E+00 -1.603063792E-01 3.811600385E-03 1.132636913E-03 -7.920103380E-04
 6.500575542E-01 1.295747757E-01 1.085253477E+00 -1.621365547E-01 3.945148550E-03 1.067463192E-03 -8.602957241E-04
 6.500575542E-01 1.286957860E-01 1.080307722E+00 -1.641130745E-01 4.181130324E-03 1.026606886E-03 -9.602688951E-04
 6.500575542E-01 1.278966963E-01 1.074358940E+00 -1.658288985E-01 4.449977539E-03 1.055180212E-03 -1.065614633E-03
 6.500575542E-01 1.270176917E-01 1.066928983E+00 -1.674655229E-01 4.685278516E-03 1.066704746E-03 -1.100954250E-03
 6.500575542E-01 1.262186021E-01 1.058968067E+00 -1.689135432E-01 4.948368762E-03 1.047636848E-03 -1.139816712E-03
 6.500575542E-01 1.253396124E-01 1.047536254E+00 -1.706410795E-01 5.376938265E-03 1.012291526E-03 -1.241527614E-03
 6.500575542E-01 1.245405227E-01 1.033390641E+00 -1.718840897E-01 5.946366582E-03 1.028185012E-03 -1.410605619E-03
 6.500575542E-01 1.237414330E-01 1.014991999E+00 -1.722357571E-01 6.617727689E-03 1.093628118E-03 -1.601318596E-03
 6.500575542E-01 1.228624359E-01 9.894784689E-01 -1.719260216E-01 7.275768090E-03 1.161610591E-03 -1.761707244E-03
 6.500575542E-01 1.220633462E-01 9.606514573E-01 -1.710909903E-01 7.878733799E-03 1.216266071E-03 -1.943741343E-03
 6.501374841E-01 1.211843491E-01 9.232735038E-01 -1.691789031E-01 8.620771579E-03 1.318826457E-03 -2.246397780E-03
 6.501374841E-01 1.203852594E-01 8.838036656E-01 -1.657935679E-01 9.229050949E-03 1.429520780E-03 -2.533138264E-03
 6.501374841E-01 1.195062622E-01 8.314516544E-01 -1.598735005E-01 9.195223451E-03 1.453775330E-03 -2.601133892E-03
 6.501374841E-01 1.187071726E-01 7.673105001E-01 -1.520565301E-01 8.540284820E-03 1.387659926E-03 -2.476171823E-03
 6.501374841E-01 1.179080829E-01 6.979481578E-01 -1.419584602E-01 8.472502232E-03 1.428166754E-03 -2.517442917E-03
 6.501374841E-01 1.170290858E-01 6.279237866E-01 -1.283470988E-01 8.732763119E-03 1.202623826E-03 -2.523999661E-03
zone t="exp, x/c=0.66"
 6.597265601E-01 1.579424441E-01 1.145505905E+00 -1.203291565E-01 3.082062816E-03 1.243700506E-03 -6.064974004E-04
 6.597265601E-01 1.569835395E-01 1.143181562E+00 -1.210097075E-01 3.081237897E-03 1.238749712E-03 -6.765827420E-04
 6.597265601E-01 1.561045349E-01 1.140479326E+00 -1.214799732E-01 3.089172067E-03 1.254524803E-03 -7.115102489E-04
 6.597265601E-01 1.552255452E-01 1.137611628E+00 -1.219758019E-01 3.139638575E-03 1.299523865E-03 -7.591869798E-04
 6.597265601E-01 1.542666256E-01 1.134880543E+00 -1.225446314E-01 3.269853070E-03 1.332136337E-03 -7.627691375E-04
 6.597265601E-01 1.533876359E-01 1.132245898E+00 -1.225368157E-01 3.353286069E-03 1.330800354E-03 -7.744981558E-04
 6.597265601E-01 1.525086313E-01 1.129476070E+00 -1.224985048E-01 3.378276713E-03 1.317918533E-03 -8.038129890E-04
 6.597265601E-01 1.516296417E-01 1.126975656E+00 -1.231350228E-01 3.384805750E-03 1.320427167E-03 -8.500666008E-04
 6.598064303E-01 1.506707370E-01 1.124861002E+00 -1.245921478E-01 3.399332520E-03 1.333695953E-03 -8.487470332E-04
 6.598064303E-01 1.497917324E-01 1.122845054E+00 -1.258865744E-01 3.427424934E-03 1.327288221E-03 -8.318600594E-04
 6.598064303E-01 1.489127427E-01 1.120092630E+00 -1.272987425E-01 3.385981079E-03 1.319526811E-03 -7.923884550E-04
 6.598064303E-01 1.480337381E-01 1.117110729E+00 -1.288479567E-01 3.328511259E-03 1.315874979E-03 -7.578199147E-04
 6.598064303E-01 1.470748335E-01 1.113854170E+00 -1.299433112E-01 3.303019796E-03 1.312644570E-03 -7.218869287E-04
 6.598064303E-01 1.461958289E-01 1.110918045E+00 -1.303149462E-01 3.349069972E-03 1.346061472E-03 -7.264115848E-04
 6.598064303E-01 1.453168392E-01 1.108586073E+00 -1.306689680E-01 3.398344619E-03 1.369230798E-03 -7.347545470E-04
 6.598064303E-01 1.443579346E-01 1.106092453E+00 -1.316861957E-01 3.424103139E-03 1.382194110E-03 -7.447319222E-04
 6.598064303E-01 1.434789300E-01 1.103196502E+00 -1.330611408E-01 3.430614946E-03 1.386461547E-03 -7.692725048E-04
 6.598064303E-01 1.425999403E-01 1.100439191E+00 -1.344975978E-01 3.416861175E-03 1.388148288E-03 -7.874476141E-04
 6.598064303E-01 1.417209357E-01 1.098572969E+00 -1.361733675E-01 3.405127442E-03 1.381228794E-03 -7.998293149E-04
 6.598064303E-01 1.407620311E-01 1.096553683E+00 -1.376976967E-01 3.404418705E-03 1.357406843E-03 -7.891940768E-04
 6.598064303E-01 1.398830265E-01 1.094339132E+00 -1.391832232E-01 3.428789554E-03 1.338381204E-03 -7.757521234E-04
 6.598064303E-01 1.390040368E-01 1.091863513E+00 -1.403954923E-01 3.434694838E-03 1.336990274E-03 -7.884067018E-04
 6.598863602E-01 1.381250322E-01 1.089453220E+00 -1.418372393E-01 3.391301725E-03 1.334489323E-03 -7.867725799E-04
 6.598863602E-01 1.371661276E-01 1.087181091E+00 -1.434172094E-01 3.359743394E-03 1.305913203E-03 -7.900049095E-04
 6.598863602E-01 1.362871230E-01 1.085297346E+00 -1.453988254E-01 3.413175931E-03 1.279336051E-03 -8.051387849E-04
 6.598863602E-01 1.354081333E-01 1.082993984E+00 -1.471967846E-01 3.479173873E-03 1.257112599E-03 -8.323022630E-04
 6.598863602E-01 1.344492286E-01 1.080049038E+00 -1.492918879E-01 3.472632496E-03 1.218181453E-03 -8.393928874E-04
 6.598863602E-01 1.335702240E-01 1.077179670E+00 -1.511031538E-01 3.477013437E-03 1.194209326E-03 -8.320232737E-04
 6.598863602E-01 1.326912344E-01 1.074298859E+00 -1.531145126E-01 3.528639907E-03 1.185772941E-03 -8.358689374E-04
 6.598863602E-01 1.318122298E-01 1.071004748E+00 -1.548137069E-01 3.624782898E-03 1.179562998E-03 -8.524519508E-04
 6.598863602E-01 1.308533251E-01 1.067091227E+00 -1.566798538E-01 3.691236954E-03 1.170267002E-03 -8.944072179E-04
 6.598863602E-01 1.299743205E-01 1.063754082E+00 -1.582282335E-01 3.778177314E-03 1.166282222E-03 -9.353709174E-04
 6.598863602E-01 1.290953308E-01 1.060232162E+00 -1.598436832E-01 3.867471823E-03 1.171950600E-03 -9.427402983E-04
 6.598863602E-01 1.282163262E-01 1.055895686E+00 -1.615289599E-01 3.976393957E-03 1.146530150E-03 -9.270837181E-04
 6.598863602E-01 1.272574216E-01 1.049973130E+00 -1.635400802E-01 4.206436221E-03 1.120639965E-03 -9.481173474E-04
 6.599662900E-01 1.263784319E-01 1.043024659E+00 -1.655611992E-01 4.487144761E-03 1.103702351E-03 -9.725385462E-04
 6.599662900E-01 1.254994273E-01 1.034365058E+00 -1.676459461E-01 4.872498102E-03 1.101873815E-03 -1.043591066E-03
 6.599662900E-01 1.245405227E-01 1.022417426E+00 -1.695201695E-01 5.466638133E-03 1.112774946E-03 -1.183025423E-03
 6.599662900E-01 1.236615255E-01 1.008856416E+00 -1.705954522E-01 6.202267017E-03 1.130101155E-03 -1.369649544E-03
 6.599662900E-01 1.227825209E-01 9.918917418E-01 -1.712608188E-01 6.976875942E-03 1.182600157E-03 -1.609123196E-03
 6.599662900E-01 1.219035238E-01 9.706647396E-01 -1.715517044E-01 7.736001164E-03 1.287065912E-03 -1.911867876E-03
 6.599662900E-01 1.209446192E-01 9.404744506E-01 -1.709372848E-01 8.592188358E-03 1.386430347E-03 -2.239122288E-03
 6.599662900E-01 1.200656220E-01 9.051048160E-01 -1.687899083E-01 9.353005327E-03 1.500426792E-03 -2.472863998E-03
 6.599662900E-01 1.191866249E-01 8.634092808E-01 -1.659271717E-01 9.873121046E-03 1.582494471E-03 -2.654740587E-03
 6.599662900E-01 1.183076277E-01 8.149395585E-01 -1.616900563E-01 1.003905293E-02 1.602779026E-03 -2.728138817E-03
 6.599662900E-01 1.173487157E-01 7.517389655E-01 -1.553993374E-01 9.960605763E-03 1.601231867E-03 -2.726015635E-03
 6.599662900E-01 1.164697185E-01 6.795890927E-01 -1.473491043E-01 1.017239504E-02 1.531918533E-03 -2.777522430E-03
 6.599662900E-01 1.155907214E-01 5.761821866E-01 -1.338756084E-01 1.031220146E-02 1.533386647E-03 -2.938376507E-03
 6.599662900E-01 1.146318167E-01 4.670067728E-01 -1.137163863E-01 1.303494908E-02 1.874316484E-03 -3.895130241E-03
 6.600461602E-01 1.137528196E-01 3.920281827E-01 -9.254670888E-02 1.818214916E-02 2.144786296E-03 -5.355103407E-03
zone t="exp, x/c=0.8"
 8.005902767E-01 1.616123021E-01 1.121470451E+00 -7.490867376E-02 1.303087338E-03 1.815097407E-03 -4.084884422E-04
 8.005902767E-01 1.591318399E-01 1.118781924E+00 -7.577054948E-02 1.334464876E-03 1.961446367E-03 -5.109960330E-04
 8.005902767E-01 1.566513628E-01 1.114044905E+00 -7.718858868E-02 1.416650251E-03 2.120178659E-03 -6.247126730E-04
 8.005902767E-01 1.541708857E-01 1.109796882E+00 -7.939794660E-02 1.481487881E-03 2.241280163E-03 -6.890632794E-04
 8.005902767E-01 1.516904235E-01 1.106649160E+00 -8.182265610E-02 1.556556323E-03 2.356039127E-03 -7.193073398E-04
 8.005902767E-01 1.492099464E-01 1.102667212E+00 -8.445422351E-02 1.671347185E-03 2.530284924E-03 -7.642512210E-04
 8.005902767E-01 1.467294693E-01 1.098232508E+00 -8.699546009E-02 1.770389965E-03 2.741419710E-03 -8.016488864E-04
 8.005902767E-01 1.444398016E-01 1.094539404E+00 -8.845433593E-02 1.876188675E-03 2.975091804E-03 -8.047596202E-04
 8.005902767E-01 1.419593394E-01 1.091236949E+00 -8.737003058E-02 2.090033842E-03 3.265882609E-03 -8.258419693E-04
 8.005902767E-01 1.394788623E-01 1.085883975E+00 -8.624641597E-02 2.439148491E-03 3.543233266E-03 -9.291673778E-04
 8.005902767E-01 1.369983852E-01 1.080046177E+00 -8.504381776E-02 2.843731083E-03 3.710430348E-03 -1.085311058E-03
 8.005902767E-01 1.345179081E-01 1.073895216E+00 -8.440691233E-02 3.254766343E-03 3.826464526E-03 -1.211872208E-03
 8.005902767E-01 1.320374459E-01 1.068011403E+00 -8.374771476E-02 3.708019154E-03 4.021713044E-03 -1.267575775E-03
 8.005902767E-01 1.295569688E-01 1.060120702E+00 -8.364355564E-02 4.287549760E-03 4.298174288E-03 -1.284118276E-03
 8.005902767E-01 1.270765066E-01 1.050232887E+00 -8.409471065E-02 5.112478510E-03 4.600455519E-03 -1.413590508E-03
 8.005902767E-01 1.247868314E-01 1.039624095E+00 -8.413280547E-02 6.318210624E-03 5.061702803E-03 -1.867426326E-03
 8.005902767E-01 1.223063618E-01 1.025800705E+00 -8.351314813E-02 8.085642941E-03 5.875509698E-03 -2.793460386E-03
 8.005902767E-01 1.198258922E-01 1.008460641E+00 -8.298997581E-02 1.077098772E-02 6.944452412E-03 -4.143089987E-03
 8.005902767E-01 1.173454225E-01 9.853499532E-01 -8.393922448E-02 1.480326150E-02 7.953774184E-03 -5.740308668E-03
 8.005902767E-01 1.148649380E-01 9.523173571E-01 -8.557058126E-02 1.999501325E-02 8.832225576E-03 -7.587511092E-03
 8.005902767E-01 1.123844683E-01 9.098948836E-01 -8.842892945E-02 2.589172497E-02 9.978947230E-03 -9.879040532E-03
 8.005902767E-01 1.099039987E-01 8.542684913E-01 -8.853410929E-02 3.265289962E-02 1.179325487E-02 -1.279073395E-02
 8.005902767E-01 1.074235290E-01 7.891518474E-01 -8.513031900E-02 3.959652409E-02 1.400205586E-02 -1.606311090E-02
 8.005902767E-01 1.049430594E-01 7.158241868E-01 -7.747742534E-02 4.460152239E-02 1.592389867E-02 -1.876402646E-02
 8.005902767E-01 1.026533842E-01 6.458798051E-01 -7.037635893E-02 4.680653289E-02 1.735247485E-02 -2.012136392E-02
 8.005902767E-01 1.001729146E-01 5.668497086E-01 -6.114522740E-02 4.697216302E-02 1.846550032E-02 -2.034199610E-02
 8.005902767E-01 9.769244492E-02 4.933900237E-01 -5.180878565E-02 4.523552209E-02 1.932028309E-02 -2.002717555E-02
 8.005902767E-01 9.521197528E-02 4.225071371E-01 -4.188818112E-02 4.184388742E-02 2.012320422E-02 -1.946179383E-02
 8.005902767E-01 9.273150563E-02 3.577908874E-01 -3.370687738E-02 3.842668980E-02 2.109735645E-02 -1.885573752E-02
 8.005902767E-01 9.025102109E-02 2.997667491E-01 -2.578705177E-02 3.593063354E-02 2.200611681E-02 -1.822904311E-02
 8.005902767E-01 8.777055144E-02 2.491032928E-01 -1.709260233E-02 3.367157653E-02 2.232628502E-02 -1.726934314E-02
 8.005902767E-01 8.529008180E-02 2.037411183E-01 -6.569190882E-03 3.129268065E-02 2.179160714E-02 -1.597127505E-02
 8.005902767E-01 8.300042152E-02 1.682378054E-01 2.245086711E-03 2.874740027E-02 2.062918618E-02 -1.448710728E-02
 8.005902767E-01 8.051995188E-02 1.329764128E-01 1.027817931E-02 2.560742944E-02 1.921496540E-02 -1.268040668E-02
 8.005902767E-01 7.803946733E-02 9.856705368E-02 1.853786036E-02 2.223731950E-02 1.772390679E-02 -1.057865191E-02
 8.005902767E-01 7.555899769E-02 6.863341480E-02 2.669456787E-02 1.954352669E-02 1.597674191E-02 -8.610100485E-03
 8.005902767E-01 7.307852805E-02 4.414540529E-02 3.375020251E-02 1.773242466E-02 1.394558977E-02 -7.107693702E-03
 8.005902767E-01 7.059805840E-02 2.111947909E-02 3.970529139E-02 1.636936702E-02 1.212624926E-02 -6.039974745E-03
 8.005902767E-01 6.811758131E-02 1.094421954E-03 4.457939044E-02 1.511932444E-02 1.087393891E-02 -5.276765674E-03
 8.005902767E-01 6.563711166E-02 -1.620878465E-02 4.760367051E-02 1.419583987E-02 1.013049856E-02 -4.772617482E-03
 8.005902767E-01 6.334744394E-02 -2.992722765E-02 4.954505712E-02 1.377176866E-02 9.719577618E-03 -4.521029070E-03
 8.005902767E-01 6.086697429E-02 -4.310442135E-02 5.199303478E-02 1.349069364E-02 9.430889972E-03 -4.436485469E-03
 8.005902767E-01 5.838649720E-02 -5.380488560E-02 5.437858403E-02 1.314222813E-02 9.100869298E-03 -4.392202478E-03
 8.005902767E-01 5.590602756E-02 -6.405300647E-02 5.649575219E-02 1.293213386E-02 8.717050776E-03 -4.419308156E-03
 8.005902767E-01 5.342555791E-02 -7.463216782E-02 5.890462548E-02 1.301025413E-02 8.269911632E-03 -4.538847599E-03
 8.005902767E-01 5.094508082E-02 -8.466589451E-02 6.133150682E-02 1.325056702E-02 7.672771811E-03 -4.604336806E-03
 8.005902767E-01 4.846461117E-02 -9.417419136E-02 6.294035167E-02 1.329729240E-02 6.926237606E-03 -4.552839324E-03
 8.005902767E-01 4.598414153E-02 -1.029416695E-01 6.378927827E-02 1.310375519E-02 6.174115464E-03 -4.459286109E-03
 8.005902767E-01 4.350366443E-02 -1.115296558E-01 6.396266073E-02 1.309148874E-02 5.598681979E-03 -4.372397903E-03
 8.005902767E-01 4.121399671E-02 -1.174789667E-01 6.375358254E-02 1.334063150E-02 5.178882740E-03 -4.253517836E-03
 8.005902767E-01 3.873352706E-02 -1.207440719E-01 6.274210662E-02 1.348930225E-02 4.655967467E-03 -4.084012937E-03
 8.005902767E-01 3.625305369E-02 -1.221089587E-01 6.043719500E-02 1.356347557E-02 3.942646552E-03 -3.927685320E-03
 8.005902767E-01 3.377258405E-02 -1.292634904E-01 5.653725564E-02 1.349843945E-02 3.207790200E-03 -3.723620903E-03
 8.005902767E-01 3.129211068E-02 -1.213975474E-01 4.602875561E-02 1.218008529E-02 2.533267951E-03 -3.121029818E-03
 8.005902767E-01 2.881163917E-02 -1.004704908E-01 2.847713977E-02 8.849394508E-03 1.858423231E-03 -1.912783482E-03
 8.005902767E-01 2.633116581E-02 -5.250500143E-02 8.073410019E-03 4.974067677E-03 1.256481162E-03 -6.028166972E-04
zone t="exp, x/c=0.9"
 8.994275928E-01 1.616123021E-01 1.120033979E+00 -1.261594743E-01 8.855023771E-04 2.504986012E-03 -3.570032277E-05
 8.994275928E-01 1.591318399E-01 1.118026137E+00 -1.243647411E-01 9.592936258E-04 2.733888570E-03 -1.391426340E-04
 8.994275928E-01 1.566513628E-01 1.116037965E+00 -1.225152612E-01 1.123019494E-03 2.998184180E-03 -2.415007330E-04
 8.994275928E-01 1.541708857E-01 1.114073157E+00 -1.224193424E-01 1.267892309E-03 3.246747423E-03 -3.274332557E-04
 8.994275928E-01 1.516904235E-01 1.112686276E+00 -1.232061908E-01 1.331394305E-03 3.487982322E-03 -4.122681858E-04
 8.994275928E-01 1.492099464E-01 1.111374259E+00 -1.227736771E-01 1.405647607E-03 3.749533789E-03 -5.214900011E-04
 8.994275928E-01 1.467294693E-01 1.108426094E+00 -1.207639277E-01 1.598047093E-03 4.019864369E-03 -6.510775420E-04
 8.994275928E-01 1.444398016E-01 1.104178190E+00 -1.193324253E-01 1.954099629E-03 4.326852039E-03 -7.900339551E-04
 8.994275928E-01 1.419593394E-01 1.100580215E+00 -1.189034134E-01 2.469700761E-03 4.683479201E-03 -9.802049026E-04
 8.994275928E-01 1.394788623E-01 1.095855355E+00 -1.189958677E-01 3.090241924E-03 5.045507569E-03 -1.233944553E-03
 8.994275928E-01 1.369983852E-01 1.089005113E+00 -1.191888377E-01 3.786559682E-03 5.470444914E-03 -1.557364129E-03
 8.994275928E-01 1.345179081E-01 1.081145406E+00 -1.197089106E-01 4.531626590E-03 6.020222791E-03 -1.988336677E-03
 8.994275928E-01 1.320374459E-01 1.073971510E+00 -1.201161221E-01 5.308752880E-03 6.543368567E-03 -2.510873368E-03
 8.994275928E-01 1.295569688E-01 1.067293048E+00 -1.198517382E-01 6.336037070E-03 6.879867520E-03 -3.050664905E-03
 8.994275928E-01 1.270765066E-01 1.060010552E+00 -1.193109825E-01 7.891636342E-03 7.148921490E-03 -3.593249712E-03
 8.994275928E-01 1.247868314E-01 1.051300287E+00 -1.187587604E-01 9.872389026E-03 7.637424394E-03 -4.276058171E-03
 8.994275928E-01 1.223063618E-01 1.041002274E+00 -1.191000044E-01 1.191298757E-02 8.494352922E-03 -5.163690075E-03
 8.994275928E-01 1.198258922E-01 1.027295470E+00 -1.204917356E-01 1.405229326E-02 9.583419189E-03 -6.139469799E-03
 8.994275928E-01 1.173454225E-01 1.008510232E+00 -1.209284663E-01 1.690773480E-02 1.073120628E-02 -7.297961041E-03
 8.994275928E-01 1.148649380E-01 9.845353365E-01 -1.199050322E-01 2.085169032E-02 1.189385727E-02 -8.939372376E-03
 8.994275928E-01 1.123844683E-01 9.599520564E-01 -1.192036942E-01 2.550556511E-02 1.313248742E-02 -1.100858022E-02
 8.994275928E-01 1.099039987E-01 9.339805841E-01 -1.186749116E-01 2.999133430E-02 1.448456198E-02 -1.298345253E-02
 8.994275928E-01 1.074235290E-01 9.068170786E-01 -1.165238172E-01 3.351226076E-02 1.580961421E-02 -1.436306350E-02
 8.994275928E-01 1.049430594E-01 8.775953650E-01 -1.144812182E-01 3.596277907E-02 1.710035652E-02 -1.517954189E-02
 8.994275928E-01 1.026533842E-01 8.442474604E-01 -1.112686172E-01 3.800965473E-02 1.874336228E-02 -1.605838165E-02
 8.994275928E-01 1.001729146E-01 7.973498106E-01 -1.054017618E-01 4.034484923E-02 2.093207464E-02 -1.742597669E-02
 8.994275928E-01 9.769244492E-02 7.446420789E-01 -1.001754627E-01 4.304249585E-02 2.306849882E-02 -1.891519688E-02
 8.994275928E-01 9.521197528E-02 6.930033565E-01 -9.686401486E-02 4.608987272E-02 2.458551899E-02 -2.011638694E-02
 8.994275928E-01 9.273150563E-02 6.440863013E-01 -9.390257299E-02 4.914550856E-02 2.556191944E-02 -2.111542411E-02
 8.994275928E-01 9.025102109E-02 5.961585641E-01 -9.155413508E-02 5.145297572E-02 2.628353052E-02 -2.198878303E-02
 8.994275928E-01 8.777055144E-02 5.515489578E-01 -9.004551917E-02 5.268603563E-02 2.705513127E-02 -2.245431766E-02
 8.994275928E-01 8.529008180E-02 5.079089999E-01 -8.637150377E-02 5.277968198E-02 2.809511684E-02 -2.238063142E-02
 8.994275928E-01 8.300042152E-02 4.676650167E-01 -8.014598489E-02 5.176416785E-02 2.916034311E-02 -2.189744823E-02
 8.994275928E-01 8.051995188E-02 4.234722853E-01 -7.036592066E-02 4.999174923E-02 2.972827666E-02 -2.107021585E-02
 8.994275928E-01 7.803946733E-02 3.826412857E-01 -5.971165001E-02 4.836310074E-02 2.979081124E-02 -2.025172859E-02
 8.994275928E-01 7.555899769E-02 3.445238471E-01 -4.965997115E-02 4.727634043E-02 2.970343828E-02 -1.962380484E-02
 8.994275928E-01 7.307852805E-02 3.082407713E-01 -4.152378440E-02 4.597458988E-02 2.972461842E-02 -1.902526245E-02
 8.994275928E-01 7.059805840E-02 2.701643407E-01 -3.492439538E-02 4.409647360E-02 2.987899072E-02 -1.856805384E-02
 8.994275928E-01 6.811758131E-02 2.294393927E-01 -2.968982793E-02 4.214414582E-02 2.977882698E-02 -1.811263710E-02
 8.994275928E-01 6.563711166E-02 1.919815838E-01 -2.712144516E-02 4.061726108E-02 2.912849933E-02 -1.742946170E-02
 8.994275928E-01 6.334744394E-02 1.591420174E-01 -2.634410374E-02 3.970753029E-02 2.806518227E-02 -1.682571508E-02
 8.994275928E-01 6.086697429E-02 1.240901425E-01 -2.403468266E-02 3.956642374E-02 2.670271881E-02 -1.644704118E-02
 8.994275928E-01 5.838649720E-02 9.007543325E-02 -1.874664798E-02 4.020494968E-02 2.503859811E-02 -1.600810885E-02
 8.994275928E-01 5.590602756E-02 5.964418873E-02 -1.375210937E-02 4.083745182E-02 2.333931625E-02 -1.544732973E-02
 8.994275928E-01 5.342555791E-02 3.127866983E-02 -9.565115906E-03 4.032125324E-02 2.194318362E-02 -1.480148826E-02
 8.994275928E-01 5.094508082E-02 5.272803362E-03 -5.246357992E-03 3.862981126E-02 2.079590037E-02 -1.387215219E-02
 8.994275928E-01 4.846461117E-02 -1.673739962E-02 -4.471098509E-05 3.674581274E-02 1.977625303E-02 -1.267876755E-02
 8.994275928E-01 4.598414153E-02 -3.695979714E-02 4.372948315E-03 3.516439721E-02 1.896297559E-02 -1.153535582E-02
 8.994275928E-01 4.350366443E-02 -5.829982832E-02 7.866069674E-03 3.352415189E-02 1.831023209E-02 -1.054350939E-02
 8.994275928E-01 4.121399671E-02 -8.063500375E-02 1.160606928E-02 3.164271638E-02 1.762815751E-02 -9.644947946E-03
 8.994275928E-01 3.873352706E-02 -1.028339267E-01 1.690632850E-02 2.992347255E-02 1.691352576E-02 -8.954188786E-03
 8.994275928E-01 3.625305369E-02 -1.217977181E-01 2.127806470E-02 2.866300382E-02 1.633130014E-02 -8.575764485E-03
 8.994275928E-01 3.377258405E-02 -1.379414052E-01 2.437436394E-02 2.760335431E-02 1.586303301E-02 -8.423669264E-03
 8.994275928E-01 3.129211068E-02 -1.535077691E-01 2.541364171E-02 2.630027942E-02 1.528981701E-02 -8.288315497E-03
 8.994275928E-01 2.881163917E-02 -1.676043570E-01 2.644040436E-02 2.461354807E-02 1.449485403E-02 -7.944944315E-03
 8.994275928E-01 2.633116581E-02 -1.834582537E-01 2.782393061E-02 2.283860743E-02 1.368563622E-02 -7.387238089E-03
 8.994275928E-01 2.385069616E-02 -1.972346008E-01 2.886314876E-02 2.139381878E-02 1.300208177E-02 -6.841629278E-03
 8.994275928E-01 2.156102844E-02 -2.079745680E-01 2.892309241E-02 2.014817297E-02 1.227930561E-02 -6.346099079E-03
 8.994275928E-01 1.908055507E-02 -2.175187469E-01 2.925378829E-02 1.898842305E-02 1.148030069E-02 -5.681095179E-03
 8.994275928E-01 1.660008356E-02 -2.296813577E-01 3.029560857E-02 1.816127077E-02 1.054030098E-02 -4.739503376E-03
 8.994275928E-01 1.411961112E-02 -2.424381226E-01 3.160254285E-02 1.774391904E-02 8.998955600E-03 -3.557340708E-03
 8.994275928E-01 1.163913868E-02 -2.577902675E-01 3.686381504E-02 1.710804179E-02 6.730248220E-03 -2.482749289E-03
 8.994275928E-01 9.158667177E-03 -2.442996055E-01 2.957641706E-02 1.531316619E-02 4.698703066E-03 -1.946946955E-03
 8.994275928E-01 6.678195205E-03 -2.086922526E-01 3.111872636E-02 1.243841927E-02 3.889505286E-03 -1.690689591E-03
zone t="exp, x/c=1.0"
 9.987713695E-01 1.650467962E-01 1.115419388E+00 -1.437979788E-01 9.136397857E-04 1.504267566E-03 -1.515294425E-04
 9.987713695E-01 1.625663340E-01 1.113825560E+00 -1.445009559E-01 8.623558679E-04 1.492856420E-03 -1.641977724E-04
 9.987713695E-01 1.600858569E-01 1.113191366E+00 -1.450513303E-01 8.472026093E-04 1.512360992E-03 -1.731648226E-04
 9.987713695E-01 1.577961892E-01 1.113211751E+00 -1.453224868E-01 8.562072180E-04 1.549560693E-03 -1.790495880E-04
 9.987713695E-01 1.553157270E-01 1.112359762E+00 -1.444649696E-01 8.587039192E-04 1.601226279E-03 -2.017140505E-04
 9.987713695E-01 1.528352499E-01 1.110478759E+00 -1.445749402E-01 9.004176827E-04 1.691169920E-03 -2.507901809E-04
 9.987713695E-01 1.503547728E-01 1.108097434E+00 -1.454304308E-01 1.035180758E-03 1.795412390E-03 -3.047353821E-04
 9.987713695E-01 1.478743106E-01 1.105649710E+00 -1.461204290E-01 1.306342427E-03 1.902761520E-03 -3.585193190E-04
 9.987713695E-01 1.453938335E-01 1.100740552E+00 -1.460320503E-01 1.697509200E-03 2.063477878E-03 -4.523798125E-04
 9.987713695E-01 1.429133713E-01 1.094876766E+00 -1.456575245E-01 2.100739162E-03 2.305189846E-03 -5.797437625E-04
 9.987713695E-01 1.406236887E-01 1.088848829E+00 -1.452273130E-01 2.428917680E-03 2.588370815E-03 -7.139087538E-04
 9.987713695E-01 1.381432265E-01 1.082609534E+00 -1.449867636E-01 2.770146122E-03 2.901228610E-03 -9.166151285E-04
 9.987713695E-01 1.356627494E-01 1.076179981E+00 -1.457010955E-01 3.304348560E-03 3.260702826E-03 -1.214028103E-03
 9.987713695E-01 1.331822872E-01 1.068459392E+00 -1.467544287E-01 4.014363047E-03 3.661449533E-03 -1.523364452E-03
 9.987713695E-01 1.307017952E-01 1.060469627E+00 -1.478898376E-01 4.770395812E-03 4.153805785E-03 -1.842915663E-03
 9.987713695E-01 1.282213330E-01 1.052447319E+00 -1.492320448E-01 5.474945065E-03 4.749095533E-03 -2.215250162E-03
 9.987713695E-01 1.257408559E-01 1.045282602E+00 -1.506766379E-01 6.040933542E-03 5.336253438E-03 -2.543058479E-03
 9.987713695E-01 1.234511957E-01 1.037911177E+00 -1.512343585E-01 6.596357096E-03 5.910395179E-03 -2.817252418E-03
 9.987713695E-01 1.209707260E-01 1.028207779E+00 -1.519186348E-01 7.341460790E-03 6.611711811E-03 -3.200923791E-03
 9.987713695E-01 1.184902489E-01 1.015701652E+00 -1.537513882E-01 8.262288757E-03 7.469751406E-03 -3.698935732E-03
 9.987713695E-01 1.160097793E-01 1.000989079E+00 -1.559386700E-01 9.410133585E-03 8.460459299E-03 -4.182880279E-03
 9.987713695E-01 1.135293022E-01 9.845277071E-01 -1.572448313E-01 1.112217456E-02 9.631033055E-03 -4.718499724E-03
 9.987713695E-01 1.110488325E-01 9.654151797E-01 -1.579020768E-01 1.366593875E-02 1.094660442E-02 -5.541824736E-03
 9.987713695E-01 1.085683629E-01 9.446232319E-01 -1.582369953E-01 1.681720279E-02 1.226741448E-02 -6.731013302E-03
 9.987713695E-01 1.062786952E-01 9.256863594E-01 -1.585361362E-01 2.029488422E-02 1.362705883E-02 -8.221508004E-03
 9.987713695E-01 1.037982181E-01 9.045184255E-01 -1.577952057E-01 2.430511825E-02 1.521399431E-02 -1.003345475E-02
 9.987713695E-01 1.013177484E-01 8.804571033E-01 -1.554412693E-01 2.887092531E-02 1.696717925E-02 -1.215422805E-02
 9.987713695E-01 9.883727878E-02 8.533861637E-01 -1.536020190E-01 3.338006139E-02 1.862790436E-02 -1.428792346E-02
 9.987713695E-01 9.635680914E-02 8.251942396E-01 -1.531558633E-01 3.716321290E-02 2.014563233E-02 -1.603343897E-02
 9.987713695E-01 9.387633204E-02 7.977269292E-01 -1.524621397E-01 4.007302970E-02 2.166775055E-02 -1.732376777E-02
 9.987713695E-01 9.139586240E-02 7.702716589E-01 -1.512652338E-01 4.237365723E-02 2.322981507E-02 -1.836612448E-02
 9.987713695E-01 8.891538531E-02 7.393156290E-01 -1.514185816E-01 4.438676685E-02 2.469101548E-02 -1.915926486E-02
 9.987713695E-01 8.662572503E-02 7.069252729E-01 -1.514378041E-01 4.668892547E-02 2.588976361E-02 -1.962051541E-02
 9.987713695E-01 8.414524794E-02 6.703600287E-01 -1.497254968E-01 4.906312749E-02 2.667429484E-02 -1.992627792E-02
 9.987713695E-01 8.166477829E-02 6.323234439E-01 -1.450654417E-01 5.032312497E-02 2.707227319E-02 -2.027117088E-02
 9.987713695E-01 7.918430865E-02 5.945091844E-01 -1.374677122E-01 5.088351294E-02 2.760811150E-02 -2.089483850E-02
 9.987713695E-01 7.670383155E-02 5.576871037E-01 -1.291767061E-01 5.228560418E-02 2.856428362E-02 -2.194358036E-02
 9.987713695E-01 7.422336191E-02 5.194067955E-01 -1.215120032E-01 5.470324680E-02 2.943918295E-02 -2.317675203E-02
 9.987713695E-01 7.174289227E-02 4.787252247E-01 -1.144706905E-01 5.719977245E-02 3.004927374E-02 -2.427102253E-02
 9.987713695E-01 6.945322454E-02 4.414601922E-01 -1.086007506E-01 5.916120112E-02 3.110546060E-02 -2.541916817E-02
 9.987713695E-01 6.697274745E-02 4.041745663E-01 -1.041641086E-01 6.052241847E-02 3.312020749E-02 -2.707655914E-02
 9.987713695E-01 6.449227780E-02 3.701625764E-01 -1.020291895E-01 6.105243787E-02 3.562016785E-02 -2.890787646E-02
 9.987713695E-01 6.201180443E-02 3.378343284E-01 -1.010650843E-01 6.071978807E-02 3.772080690E-02 -3.016294539E-02
 9.987713695E-01 5.953133479E-02 3.049013317E-01 -9.835141897E-02 5.984697863E-02 3.882266209E-02 -3.041014075E-02
 9.987713695E-01 5.705085769E-02 2.708427608E-01 -9.333395958E-02 5.832649767E-02 3.876873478E-02 -2.952497452E-02
 9.987713695E-01 5.457038805E-02 2.375558913E-01 -8.901655674E-02 5.658323318E-02 3.806246445E-02 -2.811546624E-02
 9.987713695E-01 5.228072032E-02 2.077666968E-01 -8.633763343E-02 5.570346862E-02 3.785399720E-02 -2.724400721E-02
 9.987713695E-01 4.980025068E-02 1.766418517E-01 -8.385205269E-02 5.521979928E-02 3.852096573E-02 -2.692440897E-02
 9.987713695E-01 4.731977731E-02 1.488368511E-01 -8.221644163E-02 5.381916463E-02 3.884667903E-02 -2.616107278E-02
 9.987713695E-01 4.483930394E-02 1.224129498E-01 -8.064294606E-02 5.138660222E-02 3.757486492E-02 -2.457598411E-02
 9.987713695E-01 4.235883430E-02 9.334086627E-02 -7.779095322E-02 4.884918407E-02 3.499156609E-02 -2.279339544E-02
 9.987713695E-01 3.987836093E-02 6.241531670E-02 -7.496728003E-02 4.706967622E-02 3.254085407E-02 -2.137227915E-02
 9.987713695E-01 3.739788756E-02 3.358864039E-02 -7.243508846E-02 4.594816640E-02 3.105339408E-02 -2.017064393E-02
 9.987713695E-01 3.510821983E-02 1.006245706E-02 -6.887260079E-02 4.519880190E-02 3.020052984E-02 -1.907663792E-02
 9.987713695E-01 3.262775019E-02 -1.072783303E-02 -6.445898861E-02 4.452562705E-02 2.942183241E-02 -1.819541492E-02
 9.987713695E-01 3.014727682E-02 -2.720182016E-02 -5.955112353E-02 4.294746369E-02 2.844742686E-02 -1.733162813E-02
 9.987713695E-01 2.766680531E-02 -4.400011525E-02 -5.481132865E-02 3.986752778E-02 2.716066316E-02 -1.610949077E-02
 9.987713695E-01 2.518633381E-02 -6.676454097E-02 -5.014520139E-02 3.582421690E-02 2.540706098E-02 -1.444745995E-02
 9.987713695E-01 2.270586230E-02 -8.923245966E-02 -4.644820839E-02 3.163884953E-02 2.328020148E-02 -1.256832108E-02
 9.987713695E-01 2.022538893E-02 -1.075171381E-01 -4.256771877E-02 2.774123847E-02 2.106912620E-02 -1.064174995E-02
 9.987713695E-01 1.793572120E-02 -1.234337911E-01 -3.990349919E-02 2.475146390E-02 1.892183721E-02 -8.866470307E-03
 9.987713695E-01 1.545525063E-02 -1.408311576E-01 -3.812465444E-02 2.325810865E-02 1.692700572E-02 -7.486034185E-03
 9.987713695E-01 1.297477912E-02 -1.564265937E-01 -3.552887216E-02 2.251193672E-02 1.500708330E-02 -6.595098414E-03
 9.987713695E-01 1.049430668E-02 -1.704173684E-01 -3.029381670E-02 2.144599333E-02 1.272205543E-02 -5.912903231E-03
 9.987713695E-01 8.013833314E-03 -1.861599982E-01 -2.304878458E-02 2.020477317E-02 9.799310938E-03 -4.934292752E-03
 9.987713695E-01 5.533361807E-03 -1.954202801E-01 -1.629274525E-02 1.921291463E-02 6.491373759E-03 -3.369652200E-03
 9.987713695E-01 3.052887972E-03 -1.934805512E-01 -9.635722265E-03 1.856860705E-02 3.941032104E-03 -1.865931903E-03
zone t="exp, x/c=1.1"
 1.099707484E+00 1.650467962E-01 1.084640265E+00 -1.300181299E-01 7.250818890E-04 1.261308440E-03 6.919709995E-05
 1.099707484E+00 1.625663340E-01 1.084919691E+00 -1.322703660E-01 6.967606605E-04 1.251222100E-03 4.175966387E-05
 1.099707484E+00 1.600858569E-01 1.084738493E+00 -1.318854392E-01 6.779177347E-04 1.259960234E-03 1.858899304E-05
 1.099707484E+00 1.577961892E-01 1.083399653E+00 -1.306033581E-01 7.118580979E-04 1.310289372E-03 -1.124327582E-06
 1.099707484E+00 1.553157270E-01 1.081502914E+00 -1.301895976E-01 7.941294461E-04 1.394656487E-03 -4.072722368E-05
 1.099707484E+00 1.528352499E-01 1.079902172E+00 -1.305407435E-01 9.026821353E-04 1.477150945E-03 -1.104564217E-04
 1.099707484E+00 1.503547728E-01 1.077853799E+00 -1.316351742E-01 1.060960931E-03 1.538476092E-03 -1.958618668E-04
 1.099707484E+00 1.478743106E-01 1.073789597E+00 -1.329398304E-01 1.290809130E-03 1.615984482E-03 -2.846946009E-04
 1.099707484E+00 1.453938335E-01 1.069460034E+00 -1.332454383E-01 1.576715731E-03 1.763943001E-03 -3.907698265E-04
 1.099707484E+00 1.429133713E-01 1.065674543E+00 -1.330411285E-01 1.892531407E-03 1.964183757E-03 -5.234680721E-04
 1.099707484E+00 1.406236887E-01 1.061381340E+00 -1.332623661E-01 2.221466741E-03 2.158245305E-03 -6.535993889E-04
 1.099707484E+00 1.381432265E-01 1.055228472E+00 -1.340874583E-01 2.562930575E-03 2.379368758E-03 -7.568136207E-04
 1.099707484E+00 1.356627494E-01 1.048532128E+00 -1.345337331E-01 2.962295664E-03 2.701830119E-03 -8.525869926E-04
 1.099707484E+00 1.331822872E-01 1.041480303E+00 -1.354981214E-01 3.462038701E-03 3.102007322E-03 -9.606368258E-04
 1.099707484E+00 1.307017952E-01 1.033528447E+00 -1.368696243E-01 3.992218524E-03 3.490565810E-03 -1.070150989E-03
 1.099707484E+00 1.282213330E-01 1.023685217E+00 -1.392688453E-01 4.532219842E-03 3.854254261E-03 -1.156294020E-03
 1.099707484E+00 1.257408559E-01 1.013271809E+00 -1.413606405E-01 5.180036183E-03 4.267158918E-03 -1.194069278E-03
 1.099707484E+00 1.234511957E-01 1.003292561E+00 -1.433900893E-01 5.917089060E-03 4.739735741E-03 -1.212316682E-03
 1.099707484E+00 1.209707260E-01 9.939795732E-01 -1.450504661E-01 6.598072127E-03 5.173122510E-03 -1.310901600E-03
 1.099707484E+00 1.184902489E-01 9.838889241E-01 -1.466632783E-01 7.153178565E-03 5.485933740E-03 -1.552076545E-03
 1.099707484E+00 1.160097793E-01 9.734282494E-01 -1.475249976E-01 7.758488879E-03 5.767374299E-03 -1.910332008E-03
 1.099707484E+00 1.135293022E-01 9.614465833E-01 -1.483839601E-01 8.793211542E-03 6.182906218E-03 -2.375381766E-03
 1.099707484E+00 1.110488325E-01 9.485991001E-01 -1.487458944E-01 1.035698783E-02 6.705481093E-03 -3.013876965E-03
 1.099707484E+00 1.085683629E-01 9.339503646E-01 -1.490166634E-01 1.217466779E-02 7.152707782E-03 -3.780350788E-03
 1.099707484E+00 1.062786952E-01 9.201508760E-01 -1.505030990E-01 1.417316217E-02 7.516949438E-03 -4.412130453E-03
 1.099707484E+00 1.037982181E-01 9.040971398E-01 -1.526021659E-01 1.641346514E-02 8.122338913E-03 -4.827799741E-03
 1.099707484E+00 1.013177484E-01 8.876494765E-01 -1.529673338E-01 1.857344061E-02 9.205380455E-03 -5.263948813E-03
 1.099707484E+00 9.883727878E-02 8.692710996E-01 -1.529176533E-01 2.034627087E-02 1.045697927E-02 -5.845837761E-03
 1.099707484E+00 9.635680914E-02 8.494573236E-01 -1.518723518E-01 2.201423049E-02 1.139499247E-02 -6.501256954E-03
 1.099707484E+00 9.387633204E-02 8.286986947E-01 -1.512451321E-01 2.381985262E-02 1.203707140E-02 -7.270168513E-03
 1.099707484E+00 9.139586240E-02 8.090040684E-01 -1.505756676E-01 2.570568025E-02 1.293685939E-02 -8.346606046E-03
 1.099707484E+00 8.891538531E-02 7.888208628E-01 -1.505248249E-01 2.789909951E-02 1.441242825E-02 -9.714624844E-03
 1.099707484E+00 8.662572503E-02 7.701061368E-01 -1.496627182E-01 3.066637553E-02 1.616646349E-02 -1.110819541E-02
 1.099707484E+00 8.414524794E-02 7.480668426E-01 -1.501975954E-01 3.384761885E-02 1.781320386E-02 -1.240261551E-02
 1.099707484E+00 8.166477829E-02 7.232893705E-01 -1.504473686E-01 3.712942079E-02 1.929876953E-02 -1.375269517E-02
 1.099707484E+00 7.918430865E-02 6.958854198E-01 -1.480645090E-01 4.054223001E-02 2.075782605E-02 -1.531417482E-02
 1.099707484E+00 7.670383155E-02 6.685619950E-01 -1.442751437E-01 4.414094612E-02 2.204731479E-02 -1.692946069E-02
 1.099707484E+00 7.422336191E-02 6.425257921E-01 -1.420938522E-01 4.764521495E-02 2.288685925E-02 -1.829955913E-02
 1.099707484E+00 7.174289227E-02 6.167863607E-01 -1.419761032E-01 5.063270405E-02 2.339247428E-02 -1.929845475E-02
 1.099707484E+00 6.945322454E-02 5.927904844E-01 -1.409926862E-01 5.241854489E-02 2.403535694E-02 -2.002093010E-02
 1.099707484E+00 6.697274745E-02 5.660642982E-01 -1.385198236E-01 5.275905505E-02 2.537265606E-02 -2.076303400E-02
 1.099707484E+00 6.449227780E-02 5.369784236E-01 -1.354607195E-01 5.275826529E-02 2.737832069E-02 -2.179890312E-02
 1.099707484E+00 6.201180443E-02 5.075975060E-01 -1.317515969E-01 5.367829278E-02 2.904713713E-02 -2.310108952E-02
 1.099707484E+00 5.953133479E-02 4.794768393E-01 -1.273694187E-01 5.543290079E-02 2.978728712E-02 -2.453629114E-02
 1.099707484E+00 5.705085769E-02 4.524712861E-01 -1.238950863E-01 5.694608018E-02 3.034519404E-02 -2.598842606E-02
 1.099707484E+00 5.457038805E-02 4.232798219E-01 -1.212258413E-01 5.741186440E-02 3.124652430E-02 -2.704272978E-02
 1.099707484E+00 5.228072032E-02 3.978662193E-01 -1.197198480E-01 5.722360685E-02 3.195999563E-02 -2.732461505E-02
 1.099707484E+00 4.980025068E-02 3.723353446E-01 -1.176214516E-01 5.735791475E-02 3.220910951E-02 -2.707675099E-02
 1.099707484E+00 4.731977731E-02 3.459910154E-01 -1.123326570E-01 5.780768394E-02 3.232093528E-02 -2.670663595E-02
 1.099707484E+00 4.483930394E-02 3.175250292E-01 -1.045298204E-01 5.744685605E-02 3.234222159E-02 -2.619576827E-02
 1.099707484E+00 4.235883430E-02 2.878037691E-01 -9.523057193E-02 5.537579954E-02 3.208977729E-02 -2.537368983E-02
 1.099707484E+00 3.987836093E-02 2.587301731E-01 -8.746349812E-02 5.216252059E-02 3.171881288E-02 -2.435006574E-02
 1.099707484E+00 3.739788756E-02 2.322892100E-01 -7.984699309E-02 4.925961047E-02 3.133517131E-02 -2.337936871E-02
 1.099707484E+00 3.510821983E-02 2.108602524E-01 -7.515826821E-02 4.699485004E-02 3.059804812E-02 -2.234549820E-02
 1.099707484E+00 3.262775019E-02 1.912062764E-01 -7.083731145E-02 4.452740401E-02 2.932279743E-02 -2.084770985E-02
 1.099707484E+00 3.014727682E-02 1.729715317E-01 -6.627029181E-02 4.171586409E-02 2.797587961E-02 -1.901268214E-02
 1.099707484E+00 2.766680531E-02 1.547606736E-01 -6.056303158E-02 3.911200166E-02 2.714543417E-02 -1.729378477E-02
 1.099707484E+00 2.518633381E-02 1.338589936E-01 -5.510404706E-02 3.699081019E-02 2.678154223E-02 -1.585377939E-02
 1.099707484E+00 2.270586230E-02 1.146893352E-01 -4.932806268E-02 3.518303484E-02 2.625845931E-02 -1.464830525E-02
 1.099707484E+00 2.022538893E-02 9.889442474E-02 -4.393153265E-02 3.275674582E-02 2.495130710E-02 -1.335063204E-02
 1.099707484E+00 1.793572120E-02 8.311589062E-02 -3.939774632E-02 2.937448211E-02 2.286940441E-02 -1.160186157E-02
 1.099707484E+00 1.545525063E-02 6.700482965E-02 -3.768349811E-02 2.664640360E-02 2.056337520E-02 -9.528450668E-03
 1.099707484E+00 1.297477912E-02 5.302988365E-02 -3.703051805E-02 2.567648143E-02 1.822775230E-02 -7.625737227E-03
 1.099707484E+00 1.049430668E-02 4.260994121E-02 -3.506286442E-02 2.543523908E-02 1.551456749E-02 -6.131417118E-03
 1.099707484E+00 8.013833314E-03 3.067187779E-02 -2.781572193E-02 2.477527037E-02 1.214261074E-02 -4.793464672E-03
 1.099707484E+00 5.533361807E-03 1.736395992E-02 -2.086124383E-02 2.343387716E-02 8.169494569E-03 -3.367007012E-03
 1.099707484E+00 3.052887972E-03 1.902861288E-03 -1.573702320E-02 2.205918729E-02 4.950916395E-03 -2.236732049E-03
zone t="exp, x/c=1.2"
 1.200971961E+00 1.656192243E-01 1.076534510E+00 -1.042963862E-01 1.203382155E-03 1.747523434E-03 -4.920152714E-04
 1.200971961E+00 1.633295566E-01 1.078633189E+00 -1.057982892E-01 1.125344075E-03 1.779402839E-03 -5.133157247E-04
 1.200971961E+00 1.608490944E-01 1.077512860E+00 -1.061800867E-01 1.053999527E-03 1.896218513E-03 -5.440124660E-04
 1.200971961E+00 1.585594118E-01 1.075299621E+00 -1.056048274E-01 1.083143405E-03 2.099200618E-03 -6.273873150E-04
 1.200971961E+00 1.560789347E-01 1.073233485E+00 -1.059930623E-01 1.247902517E-03 2.342531458E-03 -7.972359890E-04
 1.200971961E+00 1.537892818E-01 1.071204185E+00 -1.072265059E-01 1.487789443E-03 2.584115835E-03 -1.012512948E-03
 1.200971961E+00 1.513088048E-01 1.068356872E+00 -1.090100855E-01 1.697868225E-03 2.811886370E-03 -1.183325541E-03
 1.200971961E+00 1.490191370E-01 1.065318704E+00 -1.100358963E-01 1.826185267E-03 3.056871239E-03 -1.267235843E-03
 1.200971961E+00 1.465386748E-01 1.061355114E+00 -1.101821065E-01 1.906202058E-03 3.379320260E-03 -1.326596248E-03
 1.200971961E+00 1.442489922E-01 1.057388663E+00 -1.093525141E-01 2.008125186E-03 3.766436363E-03 -1.419063425E-03
 1.200971961E+00 1.417685300E-01 1.054006219E+00 -1.091369390E-01 2.173042158E-03 4.062744323E-03 -1.504103071E-03
 1.200971961E+00 1.394788623E-01 1.050877929E+00 -1.103506982E-01 2.389495261E-03 4.152588546E-03 -1.527759945E-03
 1.200971961E+00 1.369983852E-01 1.046330094E+00 -1.120411232E-01 2.612266457E-03 4.150887951E-03 -1.503831474E-03
 1.200971961E+00 1.347087175E-01 1.040871143E+00 -1.131562665E-01 2.842595801E-03 4.204622470E-03 -1.489170245E-03
 1.200971961E+00 1.322282553E-01 1.034515262E+00 -1.144245937E-01 3.155430313E-03 4.289583303E-03 -1.522400533E-03
 1.200971961E+00 1.299385726E-01 1.028360486E+00 -1.152864769E-01 3.576392541E-03 4.374773707E-03 -1.583558624E-03
 1.200971961E+00 1.274581105E-01 1.021001339E+00 -1.149917096E-01 4.105157219E-03 4.572180100E-03 -1.682167756E-03
 1.200971961E+00 1.251684427E-01 1.013682365E+00 -1.138041317E-01 4.790744279E-03 5.005516578E-03 -1.894582063E-03
 1.200971961E+00 1.226879731E-01 1.004373670E+00 -1.135085598E-01 5.572220776E-03 5.623997655E-03 -2.208440099E-03
 1.200971961E+00 1.203983054E-01 9.943575263E-01 -1.146527976E-01 6.305286195E-03 6.232929416E-03 -2.502467483E-03
 1.200971961E+00 1.179178357E-01 9.824302793E-01 -1.168540195E-01 7.051667664E-03 6.672709249E-03 -2.700432669E-03
 1.200971961E+00 1.156281680E-01 9.718243480E-01 -1.188031808E-01 7.995230146E-03 6.910146214E-03 -2.772357780E-03
 1.200971961E+00 1.131476909E-01 9.597131014E-01 -1.203753203E-01 9.173142724E-03 7.049103733E-03 -2.769895596E-03
 1.200971961E+00 1.108580306E-01 9.486503601E-01 -1.205153167E-01 1.064587943E-02 7.318376563E-03 -2.944847103E-03
 1.200971961E+00 1.083775535E-01 9.364444613E-01 -1.199582443E-01 1.255844254E-02 7.932521403E-03 -3.587391926E-03
 1.200971961E+00 1.060878858E-01 9.240934253E-01 -1.185858324E-01 1.490943413E-02 8.900982328E-03 -4.682679195E-03
 1.200971961E+00 1.036074162E-01 9.089708924E-01 -1.187579483E-01 1.750043593E-02 9.997487068E-03 -5.906816106E-03
 1.200971961E+00 1.013177484E-01 8.941108584E-01 -1.187664121E-01 2.020177990E-02 1.087588910E-02 -7.009163033E-03
 1.200971961E+00 9.883727878E-02 8.787710667E-01 -1.192951202E-01 2.311569266E-02 1.137247030E-02 -7.954811677E-03
 1.200971961E+00 9.654761106E-02 8.644430637E-01 -1.202046499E-01 2.615384758E-02 1.159475185E-02 -8.752333000E-03
 1.200971961E+00 9.406713396E-02 8.489650488E-01 -1.207911894E-01 2.881975099E-02 1.172256749E-02 -9.381093085E-03
 1.200971961E+00 9.177747369E-02 8.337851763E-01 -1.199101955E-01 3.073405661E-02 1.211363450E-02 -9.923271835E-03
 1.200971961E+00 8.929700404E-02 8.171292543E-01 -1.179984137E-01 3.213882819E-02 1.309842803E-02 -1.050553098E-02
 1.200971961E+00 8.700732887E-02 8.010106087E-01 -1.161469892E-01 3.370372206E-02 1.460933685E-02 -1.124277990E-02
 1.200971961E+00 8.452685922E-02 7.808996439E-01 -1.134317592E-01 3.583770245E-02 1.625584066E-02 -1.223637257E-02
 1.200971961E+00 8.223719895E-02 7.596666813E-01 -1.122401133E-01 3.812495247E-02 1.765974239E-02 -1.333372388E-02
 1.200971961E+00 7.975672185E-02 7.363548875E-01 -1.115407199E-01 3.956643119E-02 1.867060177E-02 -1.415939536E-02
 1.200971961E+00 7.727624476E-02 7.153179646E-01 -1.114889607E-01 3.985138610E-02 1.923727617E-02 -1.456227619E-02
 1.200971961E+00 7.498658448E-02 6.970809698E-01 -1.110691875E-01 3.997369111E-02 1.945539191E-02 -1.479617786E-02
 1.200971961E+00 7.250610739E-02 6.774325371E-01 -1.105032340E-01 4.079477862E-02 1.953741908E-02 -1.508961897E-02
 1.200971961E+00 7.021643966E-02 6.574308276E-01 -1.081579179E-01 4.232939333E-02 1.979475468E-02 -1.560267899E-02
 1.200971961E+00 6.773597002E-02 6.350581646E-01 -1.045126840E-01 4.428893700E-02 2.058673091E-02 -1.646905020E-02
 1.200971961E+00 6.544630229E-02 6.140822768E-01 -1.010235250E-01 4.612068459E-02 2.188410982E-02 -1.751553640E-02
 1.200971961E+00 6.296583265E-02 5.932688117E-01 -9.793451428E-02 4.738476872E-02 2.328133956E-02 -1.839291863E-02
 1.200971961E+00 6.067616493E-02 5.743138194E-01 -9.503835440E-02 4.803976417E-02 2.447143570E-02 -1.885855012E-02
 1.200971961E+00 5.819569528E-02 5.550708175E-01 -9.315332025E-02 4.822205752E-02 2.540447004E-02 -1.896053925E-02
 1.200971961E+00 5.590602756E-02 5.372273922E-01 -9.339234233E-02 4.825596139E-02 2.620172873E-02 -1.899536140E-02
 1.200971961E+00 5.342555791E-02 5.176381469E-01 -9.328525513E-02 4.846328124E-02 2.697069943E-02 -1.922572963E-02
 1.200971961E+00 5.113589019E-02 4.991775453E-01 -9.137875587E-02 4.869274050E-02 2.767603472E-02 -1.962775737E-02
 1.200971961E+00 4.865541309E-02 4.796117544E-01 -8.813627064E-02 4.871912673E-02 2.836243436E-02 -2.000640891E-02
 1.200971961E+00 4.636575282E-02 4.640870392E-01 -8.499269187E-02 4.843723401E-02 2.909401059E-02 -2.030505426E-02
 1.200971961E+00 4.388527572E-02 4.481661022E-01 -8.119797707E-02 4.742815718E-02 2.970814891E-02 -2.060197107E-02
 1.200971961E+00 4.159560800E-02 4.330720603E-01 -7.821294665E-02 4.556578770E-02 3.001247346E-02 -2.093221061E-02
 1.200971961E+00 3.911513835E-02 4.145737290E-01 -7.648210973E-02 4.367527738E-02 2.984535322E-02 -2.112189867E-02
 1.200971961E+00 3.682547435E-02 3.988250494E-01 -7.488285750E-02 4.246452078E-02 2.920591272E-02 -2.089859173E-02
 1.200971961E+00 3.434500098E-02 3.837355971E-01 -7.178280503E-02 4.155274853E-02 2.846455202E-02 -2.025655471E-02
 1.200971961E+00 3.205533326E-02 3.700468242E-01 -6.849476695E-02 4.024291411E-02 2.788158506E-02 -1.932037622E-02
 1.200971961E+00 2.957486175E-02 3.534915745E-01 -6.503615528E-02 3.833109885E-02 2.735772543E-02 -1.808040217E-02
 1.200971961E+00 2.728519402E-02 3.385189474E-01 -6.238476932E-02 3.595562652E-02 2.664151229E-02 -1.659560017E-02
 1.200971961E+00 2.480472066E-02 3.232248724E-01 -5.760713667E-02 3.355545923E-02 2.558347397E-02 -1.516068261E-02
 1.200971961E+00 2.251505665E-02 3.093681931E-01 -5.092086643E-02 3.176390752E-02 2.415685542E-02 -1.377700921E-02
 1.200971961E+00 2.003458329E-02 2.928625047E-01 -4.267994314E-02 3.069361672E-02 2.248256281E-02 -1.215133723E-02
 1.200971961E+00 1.774491742E-02 2.803453207E-01 -3.681528941E-02 2.997711115E-02 2.082849294E-02 -1.047453657E-02
 1.200971961E+00 1.526444498E-02 2.686727047E-01 -3.254826739E-02 2.899164893E-02 1.895180158E-02 -8.945573121E-03
 1.200971961E+00 1.297477912E-02 2.605186105E-01 -2.881338075E-02 2.761860751E-02 1.637075283E-02 -7.427261677E-03
 1.200971961E+00 1.049430668E-02 2.508267760E-01 -2.376101166E-02 2.664958499E-02 1.334520709E-02 -6.017532200E-03
 1.200971961E+00 8.204638027E-03 2.422104478E-01 -1.950534619E-02 2.638525330E-02 1.040410902E-02 -4.816144239E-03
 1.200971961E+00 5.724166520E-03 2.271409184E-01 -1.553647406E-02 2.604968846E-02 7.517257705E-03 -3.612534609E-03
 1.200971961E+00 3.434499959E-03 2.047449797E-01 -1.147210971E-02 2.536332235E-02 5.299417768E-03 -2.624052111E-03
zone t="exp, x/c=1.3"
 1.299809217E+00 1.656192243E-01 1.085711598E+00 -5.397922173E-02 9.233052260E-04 1.587787759E-03 -3.466570633E-04
 1.299809217E+00 1.633295566E-01 1.085351706E+00 -5.340213701E-02 8.607545751E-04 1.622631098E-03 -3.863527090E-04
 1.299809217E+00 1.608490944E-01 1.084495068E+00 -5.330101401E-02 8.301738999E-04 1.688467572E-03 -4.254778032E-04
 1.299809217E+00 1.585594118E-01 1.083292603E+00 -5.321167782E-02 8.759757038E-04 1.813503564E-03 -4.589411838E-04
 1.299809217E+00 1.560789347E-01 1.082251072E+00 -5.329852551E-02 1.004463877E-03 2.012476092E-03 -4.894650774E-04
 1.299809217E+00 1.537892818E-01 1.079942465E+00 -5.442858487E-02 1.199512160E-03 2.269489458E-03 -5.328803672E-04
 1.299809217E+00 1.513088048E-01 1.077360749E+00 -5.597575381E-02 1.410194091E-03 2.561681671E-03 -6.160914199E-04
 1.299809217E+00 1.490191370E-01 1.075136065E+00 -5.778132752E-02 1.615930232E-03 2.845430048E-03 -7.156127831E-04
 1.299809217E+00 1.465386748E-01 1.073032260E+00 -5.902832747E-02 1.859418931E-03 3.069297178E-03 -8.243542979E-04
 1.299809217E+00 1.442489922E-01 1.069396973E+00 -6.023413315E-02 2.267949050E-03 3.244208870E-03 -9.808446048E-04
 1.299809217E+00 1.417685300E-01 1.064898968E+00 -6.115742400E-02 2.899478655E-03 3.443229711E-03 -1.166921691E-03
 1.299809217E+00 1.394788623E-01 1.059569240E+00 -6.299574673E-02 3.590124194E-03 3.721252084E-03 -1.294251415E-03
 1.299809217E+00 1.369983852E-01 1.052903771E+00 -6.476326287E-02 4.194909707E-03 4.078285303E-03 -1.324426965E-03
 1.299809217E+00 1.347087175E-01 1.045690536E+00 -6.649167836E-02 4.775993992E-03 4.508411977E-03 -1.351441722E-03
 1.299809217E+00 1.322282553E-01 1.038079619E+00 -6.809954345E-02 5.454523023E-03 4.995327443E-03 -1.489133458E-03
 1.299809217E+00 1.299385726E-01 1.030696511E+00 -6.953947991E-02 6.290176418E-03 5.504492205E-03 -1.739576110E-03
 1.299809217E+00 1.274581105E-01 1.022581697E+00 -7.158444822E-02 7.272288669E-03 5.995522719E-03 -1.998720225E-03
 1.299809217E+00 1.251684427E-01 1.014811516E+00 -7.279985398E-02 8.359242231E-03 6.409699563E-03 -2.185600810E-03
 1.299809217E+00 1.226879731E-01 1.005406737E+00 -7.352457196E-02 9.610917419E-03 6.721671205E-03 -2.412997419E-03
 1.299809217E+00 1.203983054E-01 9.958277941E-01 -7.305451483E-02 1.113620400E-02 6.957948674E-03 -2.847864991E-03
 1.299809217E+00 1.179178357E-01 9.864760637E-01 -7.326101512E-02 1.271521393E-02 7.195255253E-03 -3.413841827E-03
 1.299809217E+00 1.156281680E-01 9.766553044E-01 -7.429124415E-02 1.386752352E-02 7.513634395E-03 -3.922462463E-03
 1.299809217E+00 1.131476909E-01 9.647002220E-01 -7.587283105E-02 1.450656913E-02 7.937225513E-03 -4.378377460E-03
 1.299809217E+00 1.108580306E-01 9.541177750E-01 -7.676263154E-02 1.484346204E-02 8.449912071E-03 -4.795028362E-03
 1.299809217E+00 1.083775535E-01 9.436941147E-01 -7.785060257E-02 1.505365316E-02 9.012199007E-03 -5.066700280E-03
 1.299809217E+00 1.060878858E-01 9.330260158E-01 -7.929652929E-02 1.537934039E-02 9.530029260E-03 -5.166191142E-03
 1.299809217E+00 1.036074162E-01 9.210929871E-01 -8.079630136E-02 1.589012891E-02 9.849601425E-03 -5.121920258E-03
 1.299809217E+00 1.013177484E-01 9.105898738E-01 -8.287563175E-02 1.651286893E-02 9.943293408E-03 -5.073885899E-03
 1.299809217E+00 9.883727878E-02 8.980455995E-01 -8.517701924E-02 1.743862033E-02 1.010140311E-02 -5.316898227E-03
 1.299809217E+00 9.654761106E-02 8.842561841E-01 -8.582237363E-02 1.912690327E-02 1.062331349E-02 -5.995978136E-03
 1.299809217E+00 9.406713396E-02 8.676561117E-01 -8.420468122E-02 2.159416862E-02 1.138559263E-02 -6.906741299E-03
 1.299809217E+00 9.177747369E-02 8.526135683E-01 -8.275508881E-02 2.407507971E-02 1.204189379E-02 -7.728171535E-03
 1.299809217E+00 8.929700404E-02 8.369569778E-01 -8.291566372E-02 2.586477622E-02 1.255456731E-02 -8.398167789E-03
 1.299809217E+00 8.700732887E-02 8.219499588E-01 -8.233726025E-02 2.688116021E-02 1.320616435E-02 -9.022557177E-03
 1.299809217E+00 8.452685922E-02 8.054179549E-01 -8.029251546E-02 2.756143548E-02 1.412821840E-02 -9.651632980E-03
 1.299809217E+00 8.223719895E-02 7.892742753E-01 -7.691314816E-02 2.851862274E-02 1.521548815E-02 -1.039327402E-02
 1.299809217E+00 7.975672185E-02 7.725581527E-01 -7.497520000E-02 2.989657037E-02 1.632293873E-02 -1.127998251E-02
 1.299809217E+00 7.727624476E-02 7.565847039E-01 -7.422072440E-02 3.108621761E-02 1.725215092E-02 -1.210038271E-02
 1.299809217E+00 7.498658448E-02 7.418005466E-01 -7.494202256E-02 3.191120178E-02 1.795910485E-02 -1.277326047E-02
 1.299809217E+00 7.250610739E-02 7.242900729E-01 -7.624254376E-02 3.326140717E-02 1.861994900E-02 -1.347364858E-02
 1.299809217E+00 7.021643966E-02 7.074243426E-01 -7.783658803E-02 3.544337302E-02 1.926640980E-02 -1.438498776E-02
 1.299809217E+00 6.773597002E-02 6.910562515E-01 -7.771817595E-02 3.758758679E-02 1.992990263E-02 -1.545060426E-02
 1.299809217E+00 6.544630229E-02 6.782407761E-01 -7.626063377E-02 3.883516416E-02 2.081421763E-02 -1.634565182E-02
 1.299809217E+00 6.296583265E-02 6.649182439E-01 -7.516156137E-02 3.907935321E-02 2.185843326E-02 -1.693315431E-02
 1.299809217E+00 6.067616493E-02 6.505064368E-01 -7.482965291E-02 3.875199705E-02 2.271576039E-02 -1.729865186E-02
 1.299809217E+00 5.819569528E-02 6.326404810E-01 -7.406432927E-02 3.809066117E-02 2.324704826E-02 -1.743227616E-02
 1.299809217E+00 5.590602756E-02 6.153556705E-01 -7.269774377E-02 3.712650388E-02 2.362508699E-02 -1.730652153E-02
 1.299809217E+00 5.342555791E-02 5.976853371E-01 -7.117028534E-02 3.629891574E-02 2.404821105E-02 -1.712791622E-02
 1.299809217E+00 5.113589019E-02 5.826976299E-01 -7.025774568E-02 3.607457876E-02 2.456932701E-02 -1.719057187E-02
 1.299809217E+00 4.865541309E-02 5.685499310E-01 -6.870783120E-02 3.622301295E-02 2.515406348E-02 -1.745846309E-02
 1.299809217E+00 4.636575282E-02 5.571905971E-01 -6.663262844E-02 3.609004617E-02 2.566150017E-02 -1.756395958E-02
 1.299809217E+00 4.388527572E-02 5.451464653E-01 -6.302682310E-02 3.538884223E-02 2.591481432E-02 -1.723582111E-02
 1.299809217E+00 4.159560800E-02 5.324614048E-01 -6.173269078E-02 3.443122283E-02 2.580550686E-02 -1.649049856E-02
 1.299809217E+00 3.911513835E-02 5.187654495E-01 -6.100349873E-02 3.365993872E-02 2.534921095E-02 -1.555931661E-02
 1.299809217E+00 3.682547435E-02 5.078201890E-01 -5.848555267E-02 3.328647465E-02 2.477528155E-02 -1.480973139E-02
 1.299809217E+00 3.434500098E-02 4.973973930E-01 -5.282924697E-02 3.313170373E-02 2.431677654E-02 -1.441040169E-02
 1.299809217E+00 3.205533326E-02 4.876562357E-01 -4.866222292E-02 3.293395415E-02 2.382805012E-02 -1.408014260E-02
 1.299809217E+00 2.957486175E-02 4.775254130E-01 -4.573924839E-02 3.250142187E-02 2.294298261E-02 -1.328011416E-02
 1.299809217E+00 2.728519402E-02 4.683177471E-01 -4.211742803E-02 3.159912676E-02 2.170897275E-02 -1.177453343E-02
 1.299809217E+00 2.480472066E-02 4.573864341E-01 -3.712496907E-02 3.033971041E-02 2.059394121E-02 -1.002133079E-02
 1.299809217E+00 2.251505665E-02 4.461597204E-01 -3.343453631E-02 2.901737206E-02 1.970846951E-02 -8.642865345E-03
 1.299809217E+00 2.003458329E-02 4.339180291E-01 -3.124598041E-02 2.764395624E-02 1.862269826E-02 -7.611940149E-03
 1.299809217E+00 1.774491742E-02 4.226006866E-01 -3.035179153E-02 2.633805200E-02 1.713628694E-02 -6.573043764E-03
 1.299809217E+00 1.526444498E-02 4.125401676E-01 -2.901202254E-02 2.532690950E-02 1.551138889E-02 -5.559300538E-03
 1.299809217E+00 1.297477912E-02 4.048022926E-01 -2.647679113E-02 2.438229695E-02 1.369919628E-02 -4.764939193E-03
 1.299809217E+00 1.049430668E-02 3.956965804E-01 -2.242086828E-02 2.331862040E-02 1.141011249E-02 -4.088777583E-03
 1.299809217E+00 8.204638027E-03 3.855551779E-01 -1.816554926E-02 2.245227061E-02 8.869776502E-03 -3.330194857E-03
 1.299809217E+00 5.724166520E-03 3.683317602E-01 -1.359439269E-02 2.202066593E-02 6.348311901E-03 -2.502328018E-03
 1.299809217E+00 3.434499959E-03 3.432985842E-01 -9.056445211E-03 2.191073634E-02 4.460915457E-03 -1.887192135E-03