 0.00486518365945726 
 0.00503036731891451 
 0.00519555097837177 
 0.00536073463782903 
 0.00552591829728629 
 0.00569110195674354 
  0.0058562856162008 
 0.00602146927565806 
 0.00618665293511531 
 0.00635183659457257 
 0.00651702025402983 
 0.00668220391348709 
 0.00684738757294434 
  0.0070125712324016 
 0.00717775489185886 
 0.00734293855131611 
 0.00750812221077337 
 0.00767330587023063 
 0.00783848952968788 
 0.00800367318914514 
  0.0081688568486024 
 0.00833404050805966 
 0.00849922416751691 
 0.00866440782697417 
 0.00882959148643143 
 0.00899477514588868 
 0.00915995880534594 
  0.0093251424648032 
 0.00949032612426046 
 0.00965550978371771 
 0.00982069344317497 
 0.00998587710263223 
  0.0101510607620895 
  0.0103162444215467 
   0.010481428081004 
  0.0106466117404613 
  0.0108117953999185 
  0.0109769790593758 
   0.011142162718833 
  0.0113073463782903 
  0.0114725300377475 
  0.0116377136972048 
  0.0118028973566621 
  0.0119680810161193 
  0.0121332646755766 
  0.0122984483350338 
  0.0124636319944911 
  0.0126288156539483 
  0.0127939993134056 
  0.0129591829728629 
  0.0131243666323201 
  0.0132895502917774 
  0.0134547339512346 
  0.0136199176106919 
  0.0137851012701491 
  0.0139502849296064 
  0.0141154685890637 
  0.0142806522485209 
  0.0144458359079782 
  0.0146110195674354 
  0.0147762032268927 
  0.0149413868863499 
  0.0151065705458072 
  0.0152717542052645 
  0.0154369378647217 
   0.015602121524179 
  0.0157673051836362 
  0.0159324888430935 
  0.0160976725025507 
   0.016262856162008 
  0.0164280398214653 
  0.0165932234809225 
  0.0167584071403798 
   0.016923590799837 
  0.0170887744592943 
  0.0172539581187515 
  0.0174191417782088 
  0.0175843254376661 
  0.0177495090971233 
  0.0179146927565806 
  0.0180798764160378 
  0.0182450600754951 
  0.0184102437349523 
  0.0185754273944096 
  0.0187406110538669 
  0.0189057947133241 
  0.0190709783727814 
  0.0192361620322386 
  0.0194013456916959 
  0.0195665293511531 
  0.0197317130106104 
  0.0198968966700677 
  0.0200620803295249 
  0.0202272639889822 
  0.0203924476484394 
  0.0205576313078967 
  0.0207228149673539 
  0.0208879986268112 
  0.0210531822862685 
  0.0212183659457257 
   0.021383549605183 
  0.0215487332646402 
  0.0217139169240975 
  0.0218791005835547 
   0.022044284243012 
  0.0222094679024692 
  0.0223746515619265 
  0.0225398352213838 
   0.022705018880841 
  0.0228702025402983 
  0.0230353861997555 
  0.0232005698592128 
  0.0233657535186701 
  0.0235309371781273 
  0.0236961208375846 
  0.0238613044970418 
  0.0240264881564991 
  0.0241916718159563 
  0.0243568554754136 
  0.0245220391348709 
  0.0246872227943281 
  0.0248524064537854 
  0.0250175901132426 
  0.0251827737726999 
  0.0253479574321571 
  0.0255131410916144 
  0.0256783247510716 
  0.0258435084105289 
  0.0260086920699862 
  0.0261738757294434 
  0.0263390593889007 
  0.0265042430483579 
  0.0266694267078152 
  0.0268346103672724 
  0.0269997940267297 
   0.027164977686187 
  0.0273301613456442 
  0.0274953450051015 
  0.0276605286645587 
   0.027825712324016 
  0.0279908959834732 
  0.0281560796429305 
  0.0283212633023878 
   0.028486446961845 
  0.0286516306213023 
  0.0288168142807595 
  0.0289819979402168 
   0.029147181599674 
  0.0293123652591313 
  0.0294775489185886 
  0.0296427325780458 
  0.0298079162375031 
  0.0299730998969603 
  0.0301382835564176 
  0.0303034672158748 
  0.0304686508753321 
  0.0306338345347894 
  0.0307990181942466 
  0.0309642018537039 
  0.0311293855131611 
  0.0312945691726184 
  0.0314597528320757 
  0.0316249364915329 
  0.0317901201509902 
  0.0319553038104474 
  0.0321204874699047 
  0.0322856711293619 
  0.0324508547888192 
  0.0326160384482764 
  0.0327812221077337 
   0.032946405767191 
  0.0331115894266482 
  0.0332767730861055 
  0.0334419567455627 
    0.03360714040502 
  0.0337723240644772 
  0.0339375077239345 
  0.0341026913833918 
   0.034267875042849 
  0.0344330587023063 
  0.0345982423617635 
  0.0347634260212208 
   0.034928609680678 
  0.0350937933401353 
  0.0352589769995926 
  0.0354241606590498 
  0.0355893443185071 
  0.0357545279779643 
  0.0359197116374216 
  0.0360848952968788 
  0.0362500789563361 
  0.0364152626157934 
  0.0365804462752506 
  0.0367456299347079 
  0.0369108135941651 
  0.0370759972536224 
  0.0372411809130796 
  0.0374063645725369 
  0.0375715482319942 
  0.0377367318914514 
  0.0379019155509087 
  0.0380670992103659 
  0.0382322828698232 
  0.0383974665292805 
  0.0385626501887377 
   0.038727833848195 
  0.0388930175076522 
  0.0390582011671095 
  0.0392233848265667 
   0.039388568486024 
  0.0395537521454813 
  0.0397189358049385 
  0.0398841194643958 
   0.040049303123853 
  0.0402144867833103 
  0.0403796704427675 
  0.0405448541022248 
   0.040710037761682 
  0.0408752214211393 
  0.0410404050805966 
  0.0412055887400538 
  0.0413707723995111 
  0.0415359560589683 
  0.0417011397184256 
  0.0418663233778828 
  0.0420315070373401 
  0.0421966906967974 
  0.0423618743562546 
  0.0425270580157119 
  0.0426922416751691 
  0.0428574253346264 
  0.0430226089940836 
  0.0431877926535409 
  0.0433529763129982 
  0.0435181599724554 
  0.0436833436319127 
  0.0438485272913699 
  0.0440137109508272 
  0.0441788946102845 
  0.0443440782697417 
   0.044509261929199 
  0.0446744455886562 
  0.0448396292481135 
  0.0450048129075707 
   0.045169996567028 
  0.0453351802264852 
  0.0455003638859425 
  0.0456655475453998 
   0.045830731204857 
  0.0459959148643143 
  0.0461610985237715 
  0.0463262821832288 
   0.046491465842686 
  0.0466566495021433 
  0.0468218331616006 
  0.0469870168210578 
  0.0471522004805151 
  0.0473173841399723 
  0.0474825677994296 
  0.0476477514588868 
  0.0478129351183441 
  0.0479781187778014 
  0.0481433024372586 
  0.0483084860967159 
  0.0484736697561731 
  0.0486388534156304 
  0.0488040370750876 
  0.0489692207345449 
  0.0491344043940022 
  0.0492995880534594 
  0.0494647717129167 
  0.0496299553723739 
  0.0497951390318312 
  0.0499603226912884 
  0.0501255063507457 
   0.050290690010203 
  0.0504558736696602 
  0.0506210573291175 
  0.0507862409885747 
   0.050951424648032 
  0.0511166083074892 
  0.0512817919669465 
  0.0514469756264038 
   0.051612159285861 
  0.0517773429453183 
  0.0519425266047755 
  0.0521077102642328 
    0.05227289392369 
  0.0524380775831473 
  0.0526032612426046 
  0.0527684449020618 
  0.0529336285615191 
  0.0530988122209763 
  0.0532639958804336 
  0.0534291795398908 
  0.0535943631993481 
  0.0537595468588054 
  0.0539247305182626 
  0.0540899141777199 
  0.0542550978371771 
  0.0544202814966344 
  0.0545854651560916 
  0.0547506488155489 
  0.0549158324750062 
  0.0550810161344634 
  0.0552461997939207 
  0.0554113834533779 
  0.0555765671128352 
  0.0557417507722924 
  0.0559069344317497 
  0.0560721180912069 
  0.0562373017506642 
  0.0564024854101215 
  0.0565676690695787 
   0.056732852729036 
  0.0568980363884932 
  0.0570632200479505 
  0.0572284037074078 
   0.057393587366865 
  0.0575587710263223 
  0.0577239546857795 
  0.0578891383452368 
   0.058054322004694 
  0.0582195056641513 
  0.0583846893236086 
  0.0585498729830658 
  0.0587150566425231 
  0.0588802403019803 
  0.0590454239614376 
  0.0592106076208948 
  0.0593757912803521 
  0.0595409749398094 
  0.0597061585992666 
  0.0598713422587239 
  0.0600365259181811 
  0.0602017095776384 
  0.0603668932370956 
  0.0605320768965529 
  0.0606972605560102 
  0.0608624442154674 
  0.0610276278749247 
  0.0611928115343819 
  0.0613579951938392 
  0.0615231788532964 
  0.0616883625127537 
   0.061853546172211 
  0.0620187298316682 
  0.0621839134911255 
  0.0623490971505827 
    0.06251428081004 
  0.0626794644694972 
  0.0628446481289545 
  0.0630098317884117 
   0.063175015447869 
  0.0633401991073263 
  0.0635053827667835 
  0.0636705664262408 
   0.063835750085698 
  0.0640009337451553 
  0.0641661174046125 
  0.0643313010640698 
  0.0644964847235271 
  0.0646616683829843 
  0.0648268520424416 
  0.0649920357018988 
  0.0651572193613561 
  0.0653224030208134 
  0.0654875866802706 
  0.0656527703397279 
  0.0658179539991851 
  0.0659831376586424 
  0.0661483213180996 
  0.0663135049775569 
  0.0664786886370141 
  0.0666438722964714 
  0.0668090559559287 
  0.0669742396153859 
  0.0671394232748432 
  0.0673046069343004 
  0.0674697905937577 
  0.0676349742532149 
  0.0678001579126722 
  0.0679653415721295 
  0.0681305252315867 
   0.068295708891044 
  0.0684608925505012 
  0.0686260762099585 
  0.0687912598694157 
   0.068956443528873 
  0.0691216271883303 
  0.0692868108477875 
  0.0694519945072448 
   0.069617178166702 
  0.0697823618261593 
  0.0699475454856165 
  0.0701127291450738 
  0.0702779128045311 
  0.0704430964639883 
  0.0706082801234456 
  0.0707734637829028 
  0.0709386474423601 
  0.0711038311018173 
  0.0712690147612746 
  0.0714341984207318 
  0.0715993820801891 
  0.0717645657396464 
  0.0719297493991036 
  0.0720949330585609 
  0.0722601167180181 
  0.0724253003774754 
  0.0725904840369326 
  0.0727556676963899 
  0.0729208513558472 
  0.0730860350153044 
  0.0732512186747617 
  0.0734164023342189 
  0.0735815859936762 
  0.0737467696531335 
  0.0739119533125907 
   0.074077136972048 
  0.0742423206315052 
  0.0744075042909625 
  0.0745726879504197 
   0.074737871609877 
  0.0749030552693343 
  0.0750682389287915 
  0.0752334225882488 
   0.075398606247706 
  0.0755637899071633 
  0.0757289735666205 
  0.0758941572260778 
  0.0760593408855351 
  0.0762245245449923 
  0.0763897082044496 
  0.0765548918639068 
  0.0767200755233641 
  0.0768852591828213 
  0.0770504428422786 
  0.0772156265017358 
  0.0773808101611931 
  0.0775459938206504 
  0.0777111774801076 
  0.0778763611395649 
  0.0780415447990221 
  0.0782067284584794 
  0.0783719121179366 
  0.0785370957773939 
  0.0787022794368512 
  0.0788674630963084 
  0.0790326467557657 
  0.0791978304152229 
  0.0793630140746802 
  0.0795281977341375 
  0.0796933813935947 
   0.079858565053052 
  0.0800237487125092 
  0.0801889323719665 
  0.0803541160314237 
   0.080519299690881 
  0.0806844833503383 
  0.0808496670097955 
  0.0810148506692528 
    0.08118003432871 
  0.0813452179881673 
  0.0815104016476245 
  0.0816755853070818 
  0.0818407689665391 
  0.0820059526259963 
  0.0821711362854536 
  0.0823363199449108 
  0.0825015036043681 
  0.0826666872638253 
  0.0828318709232826 
  0.0829970545827399 
  0.0831622382421971 
  0.0833274219016543 
  0.0834926055611116 
  0.0836577892205689 
  0.0838229728800261 
  0.0839881565394834 
  0.0841533401989406 
  0.0843185238583979 
  0.0844837075178552 
  0.0846488911773124 
  0.0848140748367697 
  0.0849792584962269 
  0.0851444421556842 
  0.0853096258151415 
  0.0854748094745987 
   0.085639993134056 
  0.0858051767935132 
  0.0859703604529705 
  0.0861355441124277 
   0.086300727771885 
  0.0864659114313422 
  0.0866310950907995 
  0.0867962787502568 
   0.086961462409714 
  0.0871266460691713 
  0.0872918297286285 
  0.0874570133880858 
  0.0876221970475431 
  0.0877873807070003 
  0.0879525643664576 
  0.0881177480259148 
  0.0882829316853721 
  0.0884481153448293 
  0.0886132990042866 
  0.0887784826637438 
  0.0889436663232011 
  0.0891088499826584 
  0.0892740336421156 
  0.0894392173015729 
  0.0896044009610301 
  0.0897695846204874 
  0.0899347682799446 
  0.0900999519394019 
  0.0902651355988592 
  0.0904303192583164 
  0.0905955029177737 
  0.0907606865772309 
  0.0909258702366882 
  0.0910910538961454 
  0.0912562375556027 
    0.09142142121506 
  0.0915866048745172 
  0.0917517885339745 
  0.0919169721934317 
   0.092082155852889 
  0.0922473395123463 
  0.0924125231718035 
  0.0925777068312608 
   0.092742890490718 
  0.0929080741501753 
  0.0930732578096325 
  0.0932384414690898 
  0.0934036251285471 
  0.0935688087880043 
  0.0937339924474616 
  0.0938991761069188 
  0.0940643597663761 
  0.0942295434258333 
  0.0943947270852906 
  0.0945599107447479 
  0.0947250944042051 
  0.0948902780636624 
  0.0950554617231196 
  0.0952206453825769 
  0.0953858290420341 
  0.0955510127014914 
  0.0957161963609486 
  0.0958813800204059 
  0.0960465636798632 
  0.0962117473393204 
  0.0963769309987777 
  0.0965421146582349 
  0.0967072983176922 
  0.0968724819771494 
  0.0970376656366067 
   0.097202849296064 
  0.0973680329555212 
  0.0975332166149785 
  0.0976984002744357 
   0.097863583933893 
  0.0980287675933502 
  0.0981939512528075 
  0.0983591349122648 
   0.098524318571722 
  0.0986895022311793 
  0.0988546858906365 
  0.0990198695500938 
   0.099185053209551 
  0.0993502368690083 
  0.0995154205284656 
  0.0996806041879228 
  0.0998457878473801 
   0.100010971506837 
   0.100176155166295 
   0.100341338825752 
   0.100506522485209 
   0.100671706144666 
   0.100836889804124 
   0.101002073463581 
   0.101167257123038 
   0.101332440782495 
   0.101497624441953 
    0.10166280810141 
   0.101827991760867 
   0.101993175420324 
   0.102158359079782 
   0.102323542739239 
   0.102488726398696 
   0.102653910058153 
   0.102819093717611 
   0.102984277377068 
   0.103149461036525 
   0.103314644695982 
    0.10347982835544 
   0.103645012014897 
   0.103810195674354 
   0.103975379333812 
   0.104140562993269 
   0.104305746652726 
   0.104470930312183 
   0.104636113971641 
   0.104801297631098 
   0.104966481290555 
   0.105131664950012 
    0.10529684860947 
   0.105462032268927 
   0.105627215928384 
   0.105792399587841 
   0.105957583247299 
   0.106122766906756 
   0.106287950566213 
    0.10645313422567 
   0.106618317885128 
   0.106783501544585 
   0.106948685204042 
   0.107113868863499 
   0.107279052522957 
   0.107444236182414 
   0.107609419841871 
   0.107774603501328 
   0.107939787160786 
   0.108104970820243 
     0.1082701544797 
   0.108435338139157 
   0.108600521798615 
   0.108765705458072 
   0.108930889117529 
   0.109096072776986 
   0.109261256436444 
   0.109426440095901 
   0.109591623755358 
   0.109756807414816 
   0.109921991074273 
    0.11008717473373 
   0.110252358393187 
   0.110417542052645 
   0.110582725712102 
   0.110747909371559 
   0.110913093031016 
   0.111078276690474 
   0.111243460349931 
   0.111408644009388 
   0.111573827668845 
   0.111739011328303 
    0.11190419498776 
   0.112069378647217 
   0.112234562306674 
   0.112399745966132 
   0.112564929625589 
   0.112730113285046 
   0.112895296944503 
   0.113060480603961 
   0.113225664263418 
   0.113390847922875 
   0.113556031582332 
    0.11372121524179 
   0.113886398901247 
   0.114051582560704 
   0.114216766220161 
   0.114381949879619 
   0.114547133539076 
   0.114712317198533 
    0.11487750085799 
   0.115042684517448 
   0.115207868176905 
   0.115373051836362 
   0.115538235495819 
   0.115703419155277 
   0.115868602814734 
   0.116033786474191 
   0.116198970133649 
   0.116364153793106 
   0.116529337452563 
    0.11669452111202 
   0.116859704771478 
   0.117024888430935 
   0.117190072090392 
   0.117355255749849 
   0.117520439409307 
   0.117685623068764 
   0.117850806728221 
   0.118015990387678 
   0.118181174047136 
   0.118346357706593 
    0.11851154136605 
   0.118676725025507 
   0.118841908684965 
   0.119007092344422 
   0.119172276003879 
   0.119337459663336 
   0.119502643322794 
   0.119667826982251 
   0.119833010641708 
   0.119998194301165 
   0.120163377960623 
    0.12032856162008 
   0.120493745279537 
   0.120658928938994 
   0.120824112598452 
   0.120989296257909 
   0.121154479917366 
   0.121319663576823 
   0.121484847236281 
   0.121650030895738 
   0.121815214555195 
   0.121980398214653 
    0.12214558187411 
   0.122310765533567 
   0.122475949193024 
   0.122641132852482 
   0.122806316511939 
   0.122971500171396 
   0.123136683830853 
   0.123301867490311 
   0.123467051149768 
   0.123632234809225 
   0.123797418468682 
    0.12396260212814 
   0.124127785787597 
   0.124292969447054 
   0.124458153106511 
   0.124623336765969 
   0.124788520425426 
   0.124953704084883 
    0.12511888774434 
   0.125284071403798 
   0.125449255063255 
   0.125614438722712 
   0.125779622382169 
   0.125944806041627 
   0.126109989701084 
   0.126275173360541 
   0.126440357019998 
   0.126605540679456 
   0.126770724338913 
    0.12693590799837 
   0.127101091657828 
   0.127266275317285 
   0.127431458976742 
   0.127596642636199 
   0.127761826295657 
   0.127927009955114 
   0.128092193614571 
   0.128257377274028 
   0.128422560933486 
   0.128587744592943 
     0.1287529282524 
   0.128918111911857 
   0.129083295571315 
   0.129248479230772 
   0.129413662890229 
   0.129578846549686 
   0.129744030209144 
   0.129909213868601 
   0.130074397528058 
   0.130239581187515 
   0.130404764846973 
    0.13056994850643 
   0.130735132165887 
   0.130900315825344 
   0.131065499484802 
   0.131230683144259 
   0.131395866803716 
   0.131561050463173 
   0.131726234122631 
   0.131891417782088 
   0.132056601441545 
   0.132221785101002 
    0.13238696876046 
   0.132552152419917 
   0.132717336079374 
   0.132882519738832 
   0.133047703398289 
   0.133212887057746 
   0.133378070717203 
   0.133543254376661 
   0.133708438036118 
   0.133873621695575 
   0.134038805355032 
    0.13420398901449 
   0.134369172673947 
   0.134534356333404 
   0.134699539992861 
   0.134864723652319 
   0.135029907311776 
   0.135195090971233 
    0.13536027463069 
   0.135525458290148 
   0.135690641949605 
   0.135855825609062 
   0.136021009268519 
   0.136186192927977 
   0.136351376587434 
   0.136516560246891 
   0.136681743906348 
   0.136846927565806 
   0.137012111225263 
    0.13717729488472 
   0.137342478544177 
   0.137507662203635 
   0.137672845863092 
   0.137838029522549 
   0.138003213182006 
   0.138168396841464 
   0.138333580500921 
   0.138498764160378 
   0.138663947819836 
   0.138829131479293 
    0.13899431513875 
   0.139159498798207 
   0.139324682457665 
   0.139489866117122 
   0.139655049776579 
   0.139820233436036 
   0.139985417095494 
   0.140150600754951 
   0.140315784414408 
   0.140480968073865 
   0.140646151733323 
    0.14081133539278 
   0.140976519052237 
   0.141141702711694 
   0.141306886371152 
   0.141472070030609 
   0.141637253690066 
   0.141802437349523 
   0.141967621008981 
   0.142132804668438 
   0.142297988327895 
   0.142463171987352 
    0.14262835564681 
   0.142793539306267 
   0.142958722965724 
   0.143123906625181 
   0.143289090284639 
   0.143454273944096 
   0.143619457603553 
    0.14378464126301 
   0.143949824922468 
   0.144115008581925 
   0.144280192241382 
    0.14444537590084 
   0.144610559560297 
   0.144775743219754 
   0.144940926879211 
   0.145106110538669 
   0.145271294198126 
   0.145436477857583 
    0.14560166151704 
   0.145766845176498 
   0.145932028835955 
   0.146097212495412 
   0.146262396154869 
   0.146427579814327 
   0.146592763473784 
   0.146757947133241 
   0.146923130792698 
   0.147088314452156 
   0.147253498111613 
    0.14741868177107 
   0.147583865430527 
   0.147749049089985 
   0.147914232749442 
   0.148079416408899 
   0.148244600068356 
   0.148409783727814 
   0.148574967387271 
   0.148740151046728 
   0.148905334706185 
   0.149070518365643 
     0.1492357020251 
   0.149400885684557 
   0.149566069344014 
   0.149731253003472 
   0.149896436662929 
   0.150061620322386 
   0.150226803981843 
   0.150391987641301 
   0.150557171300758 
   0.150722354960215 
   0.150887538619673 
    0.15105272227913 
   0.151217905938587 
   0.151383089598044 
   0.151548273257502 
   0.151713456916959 
   0.151878640576416 
   0.152043824235873 
   0.152209007895331 
   0.152374191554788 
   0.152539375214245 
   0.152704558873702 
    0.15286974253316 
   0.153034926192617 
   0.153200109852074 
   0.153365293511531 
   0.153530477170989 
   0.153695660830446 
   0.153860844489903 
    0.15402602814936 
   0.154191211808818 
   0.154356395468275 
   0.154521579127732 
   0.154686762787189 
   0.154851946446647 
   0.155017130106104 
   0.155182313765561 
   0.155347497425018 
   0.155512681084476 
   0.155677864743933 
    0.15584304840339 
   0.156008232062848 
   0.156173415722305 
   0.156338599381762 
   0.156503783041219 
   0.156668966700677 
   0.156834150360134 
   0.156999334019591 
   0.157164517679048 
   0.157329701338506 
   0.157494884997963 
    0.15766006865742 
   0.157825252316877 
   0.157990435976335 
   0.158155619635792 
   0.158320803295249 
   0.158485986954706 
   0.158651170614164 
   0.158816354273621 
   0.158981537933078 
   0.159146721592535 
   0.159311905251993 
    0.15947708891145 
   0.159642272570907 
   0.159807456230364 
   0.159972639889822 
   0.160137823549279 
   0.160303007208736 
   0.160468190868193 
   0.160633374527651 
   0.160798558187108 
   0.160963741846565 
   0.161128925506022 
    0.16129410916548 
   0.161459292824937 
   0.161624476484394 
   0.161789660143851 
   0.161954843803309 
   0.162120027462766 
   0.162285211122223 
   0.162450394781681 
   0.162615578441138 
   0.162780762100595 
   0.162945945760052 
    0.16311112941951 
   0.163276313078967 
   0.163441496738424 
   0.163606680397881 
   0.163771864057339 
   0.163937047716796 
   0.164102231376253 
    0.16426741503571 
   0.164432598695168 
   0.164597782354625 
   0.164762966014082 
   0.164928149673539 
   0.165093333332997 
   0.165258516992454 
   0.165423700651911 
   0.165588884311368 
   0.165754067970826 
   0.165919251630283 
    0.16608443528974 
   0.166249618949197 
   0.166414802608655 
   0.166579986268112 
   0.166745169927569 
   0.166910353587026 
   0.167075537246484 
   0.167240720905941 
   0.167405904565398 
   0.167571088224855 
   0.167736271884313 
    0.16790145554377 
   0.168066639203227 
   0.168231822862685 
   0.168397006522142 
   0.168562190181599 
   0.168727373841056 
   0.168892557500514 
   0.169057741159971 
   0.169222924819428 
   0.169388108478885 
   0.169553292138343 
     0.1697184757978 