 7.02702702702703E-005 
  0.000240540540540541 
  0.000410810810810811 
  0.000581081081081081 
  0.000751351351351351 
  0.000921621621621622 
   0.00109189189189189 
   0.00126216216216216 
   0.00143243243243243 
    0.0016027027027027 
   0.00177297297297297 
   0.00194324324324324 
   0.00211351351351351 
   0.00228378378378378 
   0.00245405405405405 
   0.00262432432432432 
    0.0027945945945946 
   0.00296486486486486 
   0.00313513513513514 
   0.00330540540540541 
   0.00347567567567568 
   0.00364594594594595 
   0.00381621621621622 
   0.00398648648648649 
   0.00415675675675676 
   0.00432702702702703 
    0.0044972972972973 
   0.00466756756756757 
   0.00483783783783784 
   0.00500810810810811 
   0.00517837837837838 
   0.00534864864864865 
   0.00551891891891892 
   0.00568918918918919 
   0.00585945945945946 
   0.00602972972972973 
                0.0062 
   0.00637027027027027 
   0.00654054054054054 
   0.00671081081081081 
   0.00688108108108108 
   0.00705135135135135 
   0.00722162162162162 
   0.00739189189189189 
   0.00756216216216216 
   0.00773243243243243 
    0.0079027027027027 
   0.00807297297297297 
   0.00824324324324324 
   0.00841351351351351 
   0.00858378378378379 
   0.00875405405405406 
   0.00892432432432433 
    0.0090945945945946 
   0.00926486486486487 
   0.00943513513513514 
   0.00960540540540541 
   0.00977567567567568 
   0.00994594594594595 
    0.0101162162162162 
    0.0102864864864865 
    0.0104567567567568 
     0.010627027027027 
    0.0107972972972973 
    0.0109675675675676 
    0.0111378378378378 
    0.0113081081081081 
    0.0114783783783784 
    0.0116486486486487 
    0.0118189189189189 
    0.0119891891891892 
    0.0121594594594595 
    0.0123297297297297 
                0.0125 
    0.0126702702702703 
    0.0128405405405405 
    0.0130108108108108 
    0.0131810810810811 
    0.0133513513513514 
    0.0135216216216216 
    0.0136918918918919 
    0.0138621621621622 
    0.0140324324324324 
    0.0142027027027027 
     0.014372972972973 
    0.0145432432432432 
    0.0147135135135135 
    0.0148837837837838 
    0.0150540540540541 
    0.0152243243243243 
    0.0153945945945946 
    0.0155648648648649 
    0.0157351351351351 
    0.0159054054054054 
    0.0160756756756757 
    0.0162459459459459 
    0.0164162162162162 
    0.0165864864864865 
    0.0167567567567568 
     0.016927027027027 
    0.0170972972972973 
    0.0172675675675676 
    0.0174378378378378 
    0.0176081081081081 
    0.0177783783783784 
    0.0179486486486487 
    0.0181189189189189 
    0.0182891891891892 
    0.0184594594594595 
    0.0186297297297297 
                0.0188 
    0.0189702702702703 
    0.0191405405405405 
    0.0193108108108108 
    0.0194810810810811 
    0.0196513513513514 
    0.0198216216216216 
    0.0199918918918919 
    0.0201621621621622 
    0.0203324324324324 
    0.0205027027027027 
     0.020672972972973 
    0.0208432432432432 
    0.0210135135135135 
    0.0211837837837838 
    0.0213540540540541 
    0.0215243243243243 
    0.0216945945945946 
    0.0218648648648649 
    0.0220351351351351 
    0.0222054054054054 
    0.0223756756756757 
    0.0225459459459459 
    0.0227162162162162 
    0.0228864864864865 
    0.0230567567567568 
     0.023227027027027 
    0.0233972972972973 
    0.0235675675675676 
    0.0237378378378378 
    0.0239081081081081 
    0.0240783783783784 
    0.0242486486486487 
    0.0244189189189189 
    0.0245891891891892 
    0.0247594594594595 
    0.0249297297297297 
                0.0251 
    0.0252702702702703 
    0.0254405405405405 
    0.0256108108108108 
    0.0257810810810811 
    0.0259513513513514 
    0.0261216216216216 
    0.0262918918918919 
    0.0264621621621622 
    0.0266324324324324 
    0.0268027027027027 
     0.026972972972973 
    0.0271432432432432 
    0.0273135135135135 
    0.0274837837837838 
    0.0276540540540541 
    0.0278243243243243 
    0.0279945945945946 
    0.0281648648648649 
    0.0283351351351351 
    0.0285054054054054 
    0.0286756756756757 
    0.0288459459459459 
    0.0290162162162162 
    0.0291864864864865 
    0.0293567567567568 
     0.029527027027027 
    0.0296972972972973 
    0.0298675675675676 
    0.0300378378378378 
    0.0302081081081081 
    0.0303783783783784 
    0.0305486486486486 
    0.0307189189189189 
    0.0308891891891892 
    0.0310594594594595 
    0.0312297297297297 
                0.0314 
    0.0315702702702703 
    0.0317405405405405 
    0.0319108108108108 
    0.0320810810810811 
    0.0322513513513513 
    0.0324216216216216 
    0.0325918918918919 
    0.0327621621621622 
    0.0329324324324324 
    0.0331027027027027 
     0.033272972972973 
    0.0334432432432432 
    0.0336135135135135 
    0.0337837837837838 
    0.0339540540540541 
    0.0341243243243243 
    0.0342945945945946 
    0.0344648648648649 
    0.0346351351351351 
    0.0348054054054054 
    0.0349756756756757 
    0.0351459459459459 
    0.0353162162162162 
    0.0354864864864865 
    0.0356567567567568 
     0.035827027027027 
    0.0359972972972973 
    0.0361675675675676 
    0.0363378378378378 
    0.0365081081081081 
    0.0366783783783784 
    0.0368486486486486 
    0.0370189189189189 
    0.0371891891891892 
    0.0373594594594595 
    0.0375297297297297 
                0.0377 
    0.0378702702702703 
    0.0380405405405405 
    0.0382108108108108 
    0.0383810810810811 
    0.0385513513513513 
    0.0387216216216216 
    0.0388918918918919 
    0.0390621621621622 
    0.0392324324324324 
    0.0394027027027027 
     0.039572972972973 
    0.0397432432432432 
    0.0399135135135135 
    0.0400837837837838 
    0.0402540540540541 
    0.0404243243243243 
    0.0405945945945946 
    0.0407648648648649 
    0.0409351351351351 
    0.0411054054054054 
    0.0412756756756757 
    0.0414459459459459 
    0.0416162162162162 
    0.0417864864864865 
    0.0419567567567568 
     0.042127027027027 
    0.0422972972972973 
    0.0424675675675676 
    0.0426378378378378 
    0.0428081081081081 
    0.0429783783783784 
    0.0431486486486486 
    0.0433189189189189 
    0.0434891891891892 
    0.0436594594594595 
    0.0438297297297297 
                 0.044 
    0.0441702702702703 
    0.0443405405405405 
    0.0445108108108108 
    0.0446810810810811 
    0.0448513513513513 
    0.0450216216216216 
    0.0451918918918919 
    0.0453621621621622 
    0.0455324324324324 
    0.0457027027027027 
     0.045872972972973 
    0.0460432432432432 
    0.0462135135135135 
    0.0463837837837838 
    0.0465540540540541 
    0.0467243243243243 
    0.0468945945945946 
    0.0470648648648649 
    0.0472351351351351 
    0.0474054054054054 
    0.0475756756756757 
    0.0477459459459459 
    0.0479162162162162 
    0.0480864864864865 
    0.0482567567567568 
     0.048427027027027 
    0.0485972972972973 
    0.0487675675675676 
    0.0489378378378378 
    0.0491081081081081 
    0.0492783783783784 
    0.0494486486486486 
    0.0496189189189189 
    0.0497891891891892 
    0.0499594594594595 
    0.0501297297297297 
                0.0503 
    0.0504702702702703 
    0.0506405405405405 
    0.0508108108108108 
    0.0509810810810811 
    0.0511513513513513 
    0.0513216216216216 
    0.0514918918918919 
    0.0516621621621622 
    0.0518324324324324 
    0.0520027027027027 
     0.052172972972973 
    0.0523432432432432 
    0.0525135135135135 
    0.0526837837837838 
    0.0528540540540541 
    0.0530243243243243 
    0.0531945945945946 
    0.0533648648648649 
    0.0535351351351351 
    0.0537054054054054 
    0.0538756756756757 
    0.0540459459459459 
    0.0542162162162162 
    0.0543864864864865 
    0.0545567567567568 
     0.054727027027027 
    0.0548972972972973 
    0.0550675675675676 
    0.0552378378378378 
    0.0554081081081081 
    0.0555783783783784 
    0.0557486486486486 
    0.0559189189189189 
    0.0560891891891892 
    0.0562594594594595 
    0.0564297297297297 
                0.0566 
    0.0567702702702703 
    0.0569405405405405 
    0.0571108108108108 
    0.0572810810810811 
    0.0574513513513513 
    0.0576216216216216 
    0.0577918918918919 
    0.0579621621621622 
    0.0581324324324324 
    0.0583027027027027 
     0.058472972972973 
    0.0586432432432432 
    0.0588135135135135 
    0.0589837837837838 
    0.0591540540540541 
    0.0593243243243243 
    0.0594945945945946 
    0.0596648648648649 
    0.0598351351351351 
    0.0600054054054054 
    0.0601756756756757 
    0.0603459459459459 
    0.0605162162162162 
    0.0606864864864865 
    0.0608567567567568 
     0.061027027027027 
    0.0611972972972973 
    0.0613675675675676 
    0.0615378378378378 
    0.0617081081081081 
    0.0618783783783784 
    0.0620486486486486 
    0.0622189189189189 
    0.0623891891891892 
    0.0625594594594595 
    0.0627297297297297 
                0.0629 
    0.0630702702702703 
    0.0632405405405405 
    0.0634108108108108 
    0.0635810810810811 
    0.0637513513513513 
    0.0639216216216216 
    0.0640918918918919 
    0.0642621621621622 
    0.0644324324324324 
    0.0646027027027027 
     0.064772972972973 
    0.0649432432432432 
    0.0651135135135135 
    0.0652837837837838 
    0.0654540540540541 
    0.0656243243243243 
    0.0657945945945946 
    0.0659648648648649 
    0.0661351351351351 
    0.0663054054054054 
    0.0664756756756757 
    0.0666459459459459 
    0.0668162162162162 
    0.0669864864864865 
    0.0671567567567568 
     0.067327027027027 
    0.0674972972972973 
    0.0676675675675676 
    0.0678378378378378 
    0.0680081081081081 
    0.0681783783783784 
    0.0683486486486486 
    0.0685189189189189 
    0.0686891891891892 
    0.0688594594594595 
    0.0690297297297297 
                0.0692 
    0.0693702702702703 
    0.0695405405405405 
    0.0697108108108108 
    0.0698810810810811 
    0.0700513513513513 
    0.0702216216216216 
    0.0703918918918919 
    0.0705621621621622 
    0.0707324324324324 
    0.0709027027027027 
     0.071072972972973 
    0.0712432432432432 
    0.0714135135135135 
    0.0715837837837838 
    0.0717540540540541 
    0.0719243243243243 
    0.0720945945945946 
    0.0722648648648649 
    0.0724351351351351 
    0.0726054054054054 
    0.0727756756756757 
    0.0729459459459459 
    0.0731162162162162 
    0.0732864864864865 
    0.0734567567567568 
     0.073627027027027 
    0.0737972972972973 
    0.0739675675675676 
    0.0741378378378378 
    0.0743081081081081 
    0.0744783783783784 
    0.0746486486486486 
    0.0748189189189189 
    0.0749891891891892 
    0.0751594594594595 
    0.0753297297297297 
                0.0755 
    0.0756702702702703 
    0.0758405405405405 
    0.0760108108108108 
    0.0761810810810811 
    0.0763513513513513 
    0.0765216216216216 
    0.0766918918918919 
    0.0768621621621622 
    0.0770324324324324 
    0.0772027027027027 
     0.077372972972973 
    0.0775432432432432 
    0.0777135135135135 
    0.0778837837837838 
    0.0780540540540541 
    0.0782243243243243 
    0.0783945945945946 
    0.0785648648648649 
    0.0787351351351351 
    0.0789054054054054 
    0.0790756756756757 
    0.0792459459459459 
    0.0794162162162162 
    0.0795864864864865 
    0.0797567567567568 
     0.079927027027027 
    0.0800972972972973 
    0.0802675675675676 
    0.0804378378378378 
    0.0806081081081081 
    0.0807783783783784 
    0.0809486486486486 
    0.0811189189189189 
    0.0812891891891892 
    0.0814594594594595 
    0.0816297297297297 
                0.0818 
    0.0819702702702703 
    0.0821405405405405 
    0.0823108108108108 
    0.0824810810810811 
    0.0826513513513513 
    0.0828216216216216 
    0.0829918918918919 
    0.0831621621621622 
    0.0833324324324324 
    0.0835027027027027 
     0.083672972972973 
    0.0838432432432432 
    0.0840135135135135 
    0.0841837837837838 
    0.0843540540540541 
    0.0845243243243243 
    0.0846945945945946 
    0.0848648648648649 
    0.0850351351351351 
    0.0852054054054054 
    0.0853756756756757 
    0.0855459459459459 
    0.0857162162162162 
    0.0858864864864865 
    0.0860567567567568 
     0.086227027027027 
    0.0863972972972973 
    0.0865675675675676 
    0.0867378378378378 
    0.0869081081081081 
    0.0870783783783784 
    0.0872486486486486 
    0.0874189189189189 
    0.0875891891891892 
    0.0877594594594595 
    0.0879297297297297 
                0.0881 
    0.0882702702702703 
    0.0884405405405405 
    0.0886108108108108 
    0.0887810810810811 
    0.0889513513513513 
    0.0891216216216216 
    0.0892918918918919 
    0.0894621621621622 
    0.0896324324324324 
    0.0898027027027027 
     0.089972972972973 
    0.0901432432432432 
    0.0903135135135135 
    0.0904837837837838 
    0.0906540540540541 
    0.0908243243243243 
    0.0909945945945946 
    0.0911648648648649 
    0.0913351351351351 
    0.0915054054054054 
    0.0916756756756757 
    0.0918459459459459 
    0.0920162162162162 
    0.0921864864864865 
    0.0923567567567568 
     0.092527027027027 
    0.0926972972972973 
    0.0928675675675676 
    0.0930378378378378 
    0.0932081081081081 
    0.0933783783783784 
    0.0935486486486486 
    0.0937189189189189 
    0.0938891891891892 
    0.0940594594594595 
    0.0942297297297297 
                0.0944 
    0.0945702702702703 
    0.0947405405405405 
    0.0949108108108108 
    0.0950810810810811 
    0.0952513513513513 
    0.0954216216216216 
    0.0955918918918919 
    0.0957621621621622 
    0.0959324324324324 
    0.0961027027027027 
     0.096272972972973 
    0.0964432432432432 
    0.0966135135135135 
    0.0967837837837838 
    0.0969540540540541 
    0.0971243243243243 
    0.0972945945945946 
    0.0974648648648649 
    0.0976351351351351 
    0.0978054054054054 
    0.0979756756756757 
    0.0981459459459459 
    0.0983162162162162 
    0.0984864864864865 
    0.0986567567567568 
     0.098827027027027 
    0.0989972972972973 
    0.0991675675675676 
    0.0993378378378378 
    0.0995081081081081 
    0.0996783783783784 
    0.0998486486486486 
     0.100018918918919 
     0.100189189189189 
     0.100359459459459 
      0.10052972972973 
                0.1007 
      0.10087027027027 
     0.101040540540541 
     0.101210810810811 
     0.101381081081081 
     0.101551351351351 
     0.101721621621622 
     0.101891891891892 
     0.102062162162162 
     0.102232432432432 
     0.102402702702703 
     0.102572972972973 
     0.102743243243243 
     0.102913513513514 
     0.103083783783784 
     0.103254054054054 
     0.103424324324324 
     0.103594594594595 
     0.103764864864865 
     0.103935135135135 
     0.104105405405405 
     0.104275675675676 
     0.104445945945946 
     0.104616216216216 
     0.104786486486486 
     0.104956756756757 
     0.105127027027027 
     0.105297297297297 
     0.105467567567568 
     0.105637837837838 
     0.105808108108108 
     0.105978378378378 
     0.106148648648649 
     0.106318918918919 
     0.106489189189189 
     0.106659459459459 
      0.10682972972973 
                 0.107 
      0.10717027027027 
     0.107340540540541 
     0.107510810810811 
     0.107681081081081 
     0.107851351351351 
     0.108021621621622 
     0.108191891891892 
     0.108362162162162 
     0.108532432432432 
     0.108702702702703 
     0.108872972972973 
     0.109043243243243 
     0.109213513513514 
     0.109383783783784 
     0.109554054054054 
     0.109724324324324 
     0.109894594594595 
     0.110064864864865 
     0.110235135135135 
     0.110405405405405 
     0.110575675675676 
     0.110745945945946 
     0.110916216216216 
     0.111086486486486 
     0.111256756756757 
     0.111427027027027 
     0.111597297297297 
     0.111767567567568 
     0.111937837837838 
     0.112108108108108 
     0.112278378378378 
     0.112448648648649 
     0.112618918918919 
     0.112789189189189 
     0.112959459459459 
      0.11312972972973 
                0.1133 
      0.11347027027027 
     0.113640540540541 
     0.113810810810811 
     0.113981081081081 
     0.114151351351351 
     0.114321621621622 
     0.114491891891892 
     0.114662162162162 
     0.114832432432432 
     0.115002702702703 
     0.115172972972973 
     0.115343243243243 
     0.115513513513514 
     0.115683783783784 
     0.115854054054054 
     0.116024324324324 
     0.116194594594595 
     0.116364864864865 
     0.116535135135135 
     0.116705405405405 
     0.116875675675676 
     0.117045945945946 
     0.117216216216216 
     0.117386486486486 
     0.117556756756757 
     0.117727027027027 
     0.117897297297297 
     0.118067567567568 
     0.118237837837838 
     0.118408108108108 
     0.118578378378378 
     0.118748648648649 
     0.118918918918919 
     0.119089189189189 
     0.119259459459459 
      0.11942972972973 
                0.1196 
      0.11977027027027 
     0.119940540540541 
     0.120110810810811 
     0.120281081081081 
     0.120451351351351 
     0.120621621621622 
     0.120791891891892 
     0.120962162162162 
     0.121132432432432 
     0.121302702702703 
     0.121472972972973 
     0.121643243243243 
     0.121813513513514 
     0.121983783783784 
     0.122154054054054 
     0.122324324324324 
     0.122494594594595 
     0.122664864864865 
     0.122835135135135 
     0.123005405405405 
     0.123175675675676 
     0.123345945945946 
     0.123516216216216 
     0.123686486486486 
     0.123856756756757 
     0.124027027027027 
     0.124197297297297 
     0.124367567567568 
     0.124537837837838 
     0.124708108108108 
     0.124878378378378 
     0.125048648648649 
     0.125218918918919 
     0.125389189189189 
     0.125559459459459 
      0.12572972972973 
                0.1259 
      0.12607027027027 
     0.126240540540541 
     0.126410810810811 
     0.126581081081081 
     0.126751351351351 
     0.126921621621622 
     0.127091891891892 
     0.127262162162162 
     0.127432432432432 
     0.127602702702703 
     0.127772972972973 
     0.127943243243243 
     0.128113513513514 
     0.128283783783784 
     0.128454054054054 
     0.128624324324324 
     0.128794594594595 
     0.128964864864865 
     0.129135135135135 
     0.129305405405405 
     0.129475675675676 
     0.129645945945946 
     0.129816216216216 
     0.129986486486487 
     0.130156756756757 
     0.130327027027027 
     0.130497297297297 
     0.130667567567568 
     0.130837837837838 
     0.131008108108108 
     0.131178378378378 
     0.131348648648649 
     0.131518918918919 
     0.131689189189189 
     0.131859459459459 
      0.13202972972973 
                0.1322 
      0.13237027027027 
     0.132540540540541 
     0.132710810810811 
     0.132881081081081 
     0.133051351351351 
     0.133221621621622 
     0.133391891891892 
     0.133562162162162 
     0.133732432432432 
     0.133902702702703 
     0.134072972972973 
     0.134243243243243 
     0.134413513513514 
     0.134583783783784 
     0.134754054054054 
     0.134924324324324 
     0.135094594594595 
     0.135264864864865 
     0.135435135135135 
     0.135605405405405 
     0.135775675675676 
     0.135945945945946 
     0.136116216216216 
     0.136286486486487 
     0.136456756756757 
     0.136627027027027 
     0.136797297297297 
     0.136967567567568 
     0.137137837837838 
     0.137308108108108 
     0.137478378378378 
     0.137648648648649 
     0.137818918918919 
     0.137989189189189 
     0.138159459459459 
      0.13832972972973 
                0.1385 
      0.13867027027027 
     0.138840540540541 
     0.139010810810811 
     0.139181081081081 
     0.139351351351351 
     0.139521621621622 
     0.139691891891892 
     0.139862162162162 
     0.140032432432432 
     0.140202702702703 
     0.140372972972973 
     0.140543243243243 
     0.140713513513514 
     0.140883783783784 
     0.141054054054054 
     0.141224324324324 
     0.141394594594595 
     0.141564864864865 
     0.141735135135135 
     0.141905405405405 
     0.142075675675676 
     0.142245945945946 
     0.142416216216216 
     0.142586486486487 
     0.142756756756757 
     0.142927027027027 
     0.143097297297297 
     0.143267567567568 
     0.143437837837838 
     0.143608108108108 
     0.143778378378378 
     0.143948648648649 
     0.144118918918919 
     0.144289189189189 
     0.144459459459459 
      0.14462972972973 
                0.1448 
      0.14497027027027 
     0.145140540540541 
     0.145310810810811 
     0.145481081081081 
     0.145651351351351 
     0.145821621621622 
     0.145991891891892 
     0.146162162162162 
     0.146332432432432 
     0.146502702702703 
     0.146672972972973 
     0.146843243243243 
     0.147013513513514 
     0.147183783783784 
     0.147354054054054 
     0.147524324324324 
     0.147694594594595 
     0.147864864864865 
     0.148035135135135 
     0.148205405405405 
     0.148375675675676 
     0.148545945945946 
     0.148716216216216 
     0.148886486486487 
     0.149056756756757 
     0.149227027027027 
     0.149397297297297 
     0.149567567567568 
     0.149737837837838 
     0.149908108108108 
     0.150078378378378 
     0.150248648648649 
     0.150418918918919 
     0.150589189189189 
     0.150759459459459 
      0.15092972972973 
                0.1511 
      0.15127027027027 
     0.151440540540541 
     0.151610810810811 
     0.151781081081081 
     0.151951351351351 
     0.152121621621622 
     0.152291891891892 
     0.152462162162162 
     0.152632432432432 
     0.152802702702703 
     0.152972972972973 
     0.153143243243243 
     0.153313513513514 
     0.153483783783784 
     0.153654054054054 
     0.153824324324324 
     0.153994594594595 
     0.154164864864865 
     0.154335135135135 
     0.154505405405405 
     0.154675675675676 
     0.154845945945946 
     0.155016216216216 
     0.155186486486487 
     0.155356756756757 
     0.155527027027027 
     0.155697297297297 
     0.155867567567568 
     0.156037837837838 
     0.156208108108108 
     0.156378378378378 
     0.156548648648649 
     0.156718918918919 
     0.156889189189189 
     0.157059459459459 
      0.15722972972973 
                0.1574 
      0.15757027027027 
     0.157740540540541 
     0.157910810810811 
     0.158081081081081 
     0.158251351351351 
     0.158421621621622 
     0.158591891891892 
     0.158762162162162 
     0.158932432432432 
     0.159102702702703 
     0.159272972972973 
     0.159443243243243 
     0.159613513513514 
     0.159783783783784 
     0.159954054054054 
     0.160124324324324 
     0.160294594594595 
     0.160464864864865 
     0.160635135135135 
     0.160805405405405 
     0.160975675675676 
     0.161145945945946 
     0.161316216216216 
     0.161486486486487 
     0.161656756756757 
     0.161827027027027 
     0.161997297297297 
     0.162167567567568 
     0.162337837837838 
     0.162508108108108 
     0.162678378378378 
     0.162848648648649 
     0.163018918918919 
     0.163189189189189 
     0.163359459459459 
      0.16352972972973 
                0.1637 
      0.16387027027027 
     0.164040540540541 
     0.164210810810811 
     0.164381081081081 
     0.164551351351351 
     0.164721621621622 
     0.164891891891892 
     0.165062162162162 
     0.165232432432432 
     0.165402702702703 
     0.165572972972973 
     0.165743243243243 
     0.165913513513514 
     0.166083783783784 
     0.166254054054054 
     0.166424324324324 
     0.166594594594595 
     0.166764864864865 
     0.166935135135135 
     0.167105405405405 
     0.167275675675676 
     0.167445945945946 
     0.167616216216216 
     0.167786486486487 
     0.167956756756757 
     0.168127027027027 
     0.168297297297297 
     0.168467567567568 
     0.168637837837838 
     0.168808108108108 
     0.168978378378378 
     0.169148648648649 
     0.169318918918919 
     0.169489189189189 
     0.169659459459459 
      0.16982972972973 
                  0.17 